     0/499    0.826G    0.1076    0.3006         0    0.4082       165       640   0.09996    0.1404   0.02811   0.00675    0.0926    0.3139         0
     1/499    0.828G    0.1064    0.3058         0    0.4122       118       640   0.07682     0.193   0.03954  0.004628   0.09061    0.3082         0
     2/499    0.828G    0.1011    0.2884         0    0.3895       235       640   0.03767     0.386   0.01492  0.001637    0.1001    0.2787         0
     3/499    0.828G   0.09952    0.3247         0    0.4242       188       640     0.041    0.2105   0.01319  0.001782    0.1029    0.2639         0
     4/499    0.828G   0.09625    0.3083         0    0.4046       194       640   0.07635    0.2632   0.03339   0.00466    0.1029    0.2556         0
     5/499    0.828G   0.09675    0.3015         0    0.3983       187       640    0.1028    0.3684   0.07852   0.01074    0.1044    0.2241         0
     6/499    0.828G   0.09152    0.2496         0    0.3412       143       640    0.2962    0.5789    0.2379   0.04409   0.09496    0.2063         0
     7/499    0.828G   0.08839    0.2177         0    0.3061       158       640    0.5493    0.6841     0.554    0.1127   0.08267    0.1866         0
     8/499    0.828G   0.08554    0.2199         0    0.3054       132       640    0.4027     0.807    0.4679    0.1032   0.07426     0.199         0
     9/499    0.828G    0.0863    0.2288         0    0.3151       216       640    0.5408    0.5439    0.5293    0.1114   0.06968    0.1959         0
    10/499    0.828G   0.08078    0.2184         0    0.2992       235       640     0.582    0.4386    0.5181    0.1494   0.06568    0.1851         0
    11/499    0.828G   0.07365    0.2288         0    0.3024       182       640     0.494    0.7878    0.6149    0.1665   0.05847    0.1741         0
    12/499    0.828G   0.07482    0.2066         0    0.2814       201       640     0.648    0.6783    0.7264    0.2523   0.05166    0.1568         0
    13/499    0.828G   0.06701    0.2054         0    0.2724       225       640    0.7381    0.5934    0.7453    0.2333   0.04941    0.1499         0
    14/499    0.828G   0.06413    0.2266         0    0.2907       193       640    0.7112    0.6667    0.7347    0.2486   0.04876    0.1535         0
    15/499    0.828G   0.05928     0.196         0    0.2553       154       640     0.725     0.614    0.7349    0.2017   0.04824    0.1457         0
    16/499    0.828G   0.05505    0.1898         0    0.2448       194       640    0.7996      0.77    0.7867    0.2973   0.04612    0.1446         0
    17/499    0.828G   0.05323    0.1728         0     0.226       154       640    0.7996    0.8421    0.8883    0.2782   0.04702    0.1415         0
    18/499    0.828G   0.05294    0.1717         0    0.2246       187       640    0.5622    0.8596     0.698    0.2309   0.04773    0.1451         0
    19/499    0.828G   0.05253    0.1685         0     0.221       154       640     0.732    0.9123    0.8727    0.3963   0.04219    0.1472         0
    20/499    0.828G   0.05288    0.1797         0    0.2326       133       640     0.818    0.9461    0.8817    0.3855   0.04744    0.1402         0
    21/499    0.828G   0.05657    0.1878         0    0.2444       237       640    0.6478    0.8772     0.725    0.1786   0.05738    0.1382         0
    22/499    0.828G   0.05676    0.1706         0    0.2273       146       640    0.6224    0.8772    0.7173    0.1775   0.05582    0.1388         0
    23/499    0.828G   0.05529    0.1659         0    0.2212       125       640    0.8679     0.807    0.9244    0.2062   0.05804    0.1373         0
    24/499    0.828G   0.05474    0.1752         0    0.2299       223       640    0.6277    0.7544    0.7305    0.2718    0.0555    0.1476         0
    25/499    0.828G   0.06319    0.1935         0    0.2567       188       640    0.9996         1    0.9955    0.3232   0.06005    0.1484         0
    26/499    0.828G   0.06947    0.1928         0    0.2623       174       640    0.8489    0.8871    0.9375    0.2522   0.06054    0.1461         0
    27/499    0.828G   0.06858    0.2064         0     0.275       192       640    0.3332         1    0.3341   0.09538   0.07563    0.1647         0
    28/499    0.828G   0.06555    0.2188         0    0.2844       101       640    0.6806    0.8246    0.7546    0.1901   0.05215    0.1841         0
    29/499    0.828G   0.06138    0.2058         0    0.2672       156       640    0.5232    0.9474    0.6689    0.2114   0.05624    0.1504         0
    30/499    0.828G    0.0644    0.1952         0    0.2596       105       640     0.813    0.8391     0.827    0.1372   0.06082    0.1411         0
    31/499    0.828G   0.07626    0.1932         0    0.2695       222       640    0.5764    0.4561    0.4695   0.04996   0.08834    0.1715         0
    32/499    0.828G   0.08695    0.1826         0    0.2696       150       640     0.944    0.8947    0.9339    0.1044   0.07051     0.139         0
    33/499    0.828G    0.0685    0.2041         0    0.2726       147       640    0.6054    0.7895    0.7802    0.1186   0.05353     0.153         0
    34/499    0.828G   0.06089    0.1776         0    0.2385       172       640    0.9338    0.9907    0.9864    0.2555   0.06156    0.1441         0
    35/499    0.828G   0.06961    0.2084         0     0.278       162       640    0.4421    0.8063    0.6036    0.1051   0.06149    0.1373         0
    36/499    0.828G   0.06444    0.1729         0    0.2373       168       640    0.5855    0.8947    0.6868    0.2388   0.05798    0.1295         0
    37/499    0.828G   0.06456    0.2065         0     0.271       245       640    0.7154     0.807    0.8167    0.2876   0.05968    0.1426         0
    38/499    0.828G   0.06458    0.1833         0    0.2479       156       640    0.3847         1    0.3837    0.0968   0.07532    0.1532         0
    39/499    0.828G   0.06724    0.1754         0    0.2426       148       640    0.6664    0.7359    0.8209    0.1933   0.06951    0.1367         0
    40/499    0.828G   0.06535    0.1844         0    0.2497       130       640    0.7968    0.8945    0.9073    0.3335    0.0561    0.1369         0
    41/499    0.828G   0.05695    0.1907         0    0.2476       168       640     0.939    0.8772    0.9593    0.6136   0.04661    0.1468         0
    42/499    0.828G   0.05257    0.1971         0    0.2497       166       640    0.8772    0.8772     0.914    0.2002   0.05935    0.1674         0
    43/499    0.828G   0.06495     0.195         0      0.26       135       640    0.6943    0.4912    0.6272    0.1787   0.06301    0.1848         0
    44/499    0.828G   0.06446    0.2184         0    0.2829       156       640    0.8055    0.9448    0.9257    0.4122   0.05044    0.1403         0
    45/499    0.828G   0.06306    0.1936         0    0.2567       192       640         1     0.999    0.9955     0.467   0.05828    0.1765         0
    46/499    0.828G     0.069      0.18         0     0.249       211       640    0.4033    0.7719    0.3872    0.0679    0.0755    0.1578         0
    47/499    0.828G   0.07151    0.1727         0    0.2443       124       640    0.9188         1    0.9539    0.3423   0.05861    0.1301         0
    48/499    0.828G   0.06332    0.1832         0    0.2466       164       640    0.7322    0.9114    0.8187    0.4705   0.05073    0.1226         0
    49/499    0.828G   0.05757    0.1701         0    0.2276       120       640    0.6413    0.8596    0.6976    0.2759   0.04915    0.1231         0
    50/499    0.828G   0.05676    0.1719         0    0.2286       245       640     0.811    0.7719    0.8923     0.414   0.05458     0.129         0
    51/499     0.83G   0.06019    0.1533         0    0.2135       202       640    0.8332    0.9642    0.8959      0.27   0.05893    0.1511         0
    52/499     0.83G   0.06286    0.1519         0    0.2147        84       640    0.6856    0.9948    0.8076    0.3674   0.05833    0.1308         0
    53/499     0.83G   0.05529    0.1522         0    0.2075       146       640    0.9998         1    0.9955     0.719    0.0525    0.1256         0
    54/499     0.83G   0.04894    0.1469         0    0.1958       182       640    0.9827    0.9993    0.9953    0.7423   0.04812    0.1268         0
    55/499     0.83G   0.05074    0.1736         0    0.2243       253       640    0.9827    0.9994    0.9953    0.5157   0.05242    0.1379         0
    56/499     0.83G   0.06939      0.22         0    0.2894       184       640    0.4396    0.8944    0.4373   0.07456   0.06385    0.2819         0
    57/499     0.83G   0.06954    0.3648         0    0.4343       207       640         1     0.962    0.9946    0.2284   0.06597    0.1699         0
    58/499     0.83G   0.06554     0.269         0    0.3346       170       640         1     0.962    0.9946    0.2284   0.06597    0.1699         0
    59/499     0.83G    0.0658    0.2709         0    0.3367       103       640     0.946    0.9298    0.9811    0.2225   0.06655    0.2227         0
    60/499     0.83G   0.07094    0.3524         0    0.4233       192       640    0.9625    0.9123    0.9709    0.2583   0.06517    0.2406         0
    61/499     0.83G   0.06482    0.2723         0    0.3372       140       640    0.9789    0.8596    0.9469    0.3383   0.05998    0.2428         0
    62/499     0.83G   0.06409    0.2845         0    0.3486        95       640    0.9387    0.8246    0.9461    0.4375   0.05585    0.2276         0
    63/499     0.83G   0.06394    0.2737         0    0.3376       146       640         1     0.858    0.9527    0.4881   0.04726    0.1891         0
    64/499     0.83G   0.06212    0.2278         0    0.2899       176       640         1     0.858    0.9527    0.4881   0.04726    0.1891         0
    65/499     0.83G   0.06601    0.2612         0    0.3272       123       640    0.5287     0.807    0.7265    0.2749   0.05346    0.2334         0
    66/499     0.83G   0.06632    0.2527         0     0.319       131       640    0.4283    0.8938    0.5872    0.1171   0.05735     0.232         0
    67/499     0.83G   0.06597    0.2355         0    0.3014       168       640    0.6461    0.9298    0.6963    0.1635   0.05626    0.2047         0
    68/499     0.83G   0.06038    0.1864         0    0.2468       107       640    0.8208    0.9649    0.8457    0.2129   0.05932    0.1601         0
    69/499     0.83G   0.05644    0.1697         0    0.2261       135       640    0.9343         1    0.9463    0.3895   0.05417    0.1525         0
    70/499     0.83G   0.05666    0.1956         0    0.2523       167       640         1         1    0.9955    0.4708   0.05438    0.1646         0
    71/499     0.83G   0.05498    0.1707         0    0.2257       155       640         1         1    0.9955    0.5032   0.04662    0.1542         0
    72/499     0.83G   0.05936    0.2429         0    0.3023       182       640    0.9823         1     0.995    0.4342   0.04884    0.1717         0
    73/499     0.83G   0.05846    0.1983         0    0.2567       147       640    0.7331    0.9639    0.9003    0.4136   0.04351    0.1531         0
    74/499     0.83G   0.06141    0.1794         0    0.2408       110       640    0.5246    0.8596    0.6922    0.1373   0.06089    0.1788         0
    75/499     0.83G   0.06602    0.1941         0    0.2601       176       640    0.5246    0.8596    0.6922    0.1373   0.06089    0.1788         0
    76/499     0.83G   0.06021    0.1872         0    0.2474       212       640    0.4673    0.9233    0.4902    0.1276   0.04779    0.1424         0
    77/499     0.83G   0.05571    0.1641         0    0.2198        95       640      0.47    0.8712    0.6159     0.189   0.04633    0.1456         0
    78/499     0.83G   0.06258    0.2086         0    0.2712       166       640         1    0.9121    0.9573    0.2296   0.06923    0.1599         0
    79/499     0.83G   0.07402    0.1938         0    0.2678       221       640         1    0.9121    0.9573    0.2296   0.06923    0.1599         0
    80/499     0.83G   0.08355    0.1842         0    0.2678       282       640    0.3784    0.8772    0.3687   0.05142   0.08809    0.1655         0
    81/499     0.83G   0.07448    0.2036         0    0.2781       178       640       0.9    0.9473    0.9497    0.5175   0.05905    0.1486         0
    82/499     0.83G   0.06746    0.1943         0    0.2617       151       640         1    0.9824    0.9953    0.3186   0.05253    0.1525         0
    83/499     0.83G   0.06306    0.1821         0    0.2452       155       640         1    0.9824    0.9953    0.3186   0.05253    0.1525         0
    84/499     0.83G   0.06911    0.1967         0    0.2658       148       640    0.9998         1    0.9955    0.1767   0.06155     0.189         0
    85/499     0.83G   0.06282     0.198         0    0.2608       162       640    0.9996    0.9649    0.9943    0.1971   0.05455    0.1503         0
    86/499     0.83G   0.05915    0.1859         0    0.2451       124       640         1    0.8763    0.9784    0.3579   0.04296    0.1455         0
    87/499     0.83G   0.05815    0.1764         0    0.2346       162       640         1    0.8763    0.9784    0.3579   0.04296    0.1455         0
    88/499     0.83G   0.05487    0.1629         0    0.2178       137       640    0.9581    0.8421    0.9452    0.3737   0.04573    0.1507         0
    89/499     0.83G   0.05578    0.1749         0    0.2307       210       640         1    0.8767    0.9801    0.2635   0.04367    0.1298         0
    90/499     0.83G   0.05318    0.1629         0    0.2161       119       640    0.9271    0.8919    0.9572    0.4936   0.04165    0.1707         0
    91/499     0.83G   0.05134    0.1896         0    0.2409       180       640    0.9271    0.8919    0.9572    0.4936   0.04165    0.1707         0
    92/499     0.83G   0.05629    0.2167         0     0.273       143       640    0.9316    0.7173    0.9105    0.6014   0.04512     0.182         0
    93/499     0.83G   0.05126    0.1958         0     0.247       184       640    0.9996         1    0.9955    0.4945   0.04019    0.1478         0
    94/499     0.83G   0.05147    0.2046         0     0.256       215       640    0.7208    0.9967    0.9201    0.2342   0.04366    0.2193         0
    95/499     0.83G   0.05506    0.2224         0    0.2775       189       640    0.7208    0.9967    0.9201    0.2342   0.04366    0.2193         0
    96/499     0.83G   0.05652    0.2447         0    0.3012       209       640    0.6372    0.8421    0.6559   0.07803   0.04731    0.2478         0
    97/499     0.83G   0.04759     0.199         0    0.2466       127       640    0.7699    0.9981    0.9299     0.589   0.03016    0.1294         0
    98/499     0.83G   0.04663    0.1701         0    0.2167       120       640    0.9998         1    0.9955    0.6664   0.03398    0.1418         0
    99/499     0.83G   0.04764    0.1593         0     0.207       129       640    0.9998         1    0.9955    0.6664   0.03398    0.1418         0
   100/499     0.83G   0.05188    0.1829         0    0.2348       172       640    0.9998         1    0.9955    0.4909   0.04412    0.1758         0
   101/499     0.83G    0.0514    0.1927         0    0.2441       187       640         1    0.9999    0.9955    0.3875   0.04044    0.1358         0
   102/499     0.83G   0.04535    0.1579         0    0.2033       195       640     0.982    0.9562    0.9891    0.7488   0.03182    0.1236         0
   103/499     0.83G   0.04838    0.1752         0    0.2236       166       640     0.982    0.9562    0.9891    0.7488   0.03182    0.1236         0
   104/499     0.83G   0.05283    0.1727         0    0.2255       131       640    0.8514    0.8044    0.9122    0.6448   0.03891    0.1359         0
   105/499     0.83G   0.05325    0.1741         0    0.2273       230       640    0.9594    0.9123     0.979    0.6819   0.03831    0.1292         0
   106/499     0.83G   0.04863    0.1567         0    0.2054       110       640    0.9999         1    0.9955     0.727   0.03238    0.1175         0
   107/499     0.83G    0.0499    0.1845         0    0.2344       197       640    0.9999         1    0.9955     0.727   0.03238    0.1175         0
   108/499     0.83G   0.04964    0.1669         0    0.2166       178       640         1    0.9991    0.9955    0.6572   0.03734     0.127         0
   109/499     0.83G   0.04427    0.1583         0    0.2026       147       640    0.9999         1    0.9955    0.7247   0.02942    0.1192         0
   110/499     0.83G   0.04073    0.1669         0    0.2076       129       640    0.9999         1    0.9955    0.6307   0.02751    0.1162         0
   111/499     0.83G   0.03712    0.1479         0    0.1851       152       640    0.9999         1    0.9955    0.6307   0.02751    0.1162         0
   112/499     0.83G   0.04056    0.1595         0    0.2001       200       640    0.9999         1    0.9955    0.5187   0.03235    0.1231         0
   113/499     0.83G   0.03805     0.162         0       0.2       204       640         1         1    0.9955    0.6253   0.02987    0.1135         0
   114/499     0.83G   0.03849    0.1754         0    0.2139       156       640    0.6992    0.9123    0.8635    0.5027   0.03327    0.1247         0
   115/499     0.83G   0.04693    0.1938         0    0.2408       227       640    0.6992    0.9123    0.8635    0.5027   0.03327    0.1247         0
   116/499     0.83G   0.05346    0.1854         0    0.2389       169       640    0.5332    0.7817    0.7051    0.3322   0.04439    0.1411         0
   117/499     0.83G   0.04669     0.163         0    0.2097       133       640    0.9473    0.9825    0.9898    0.6133   0.03803    0.1176         0
   118/499     0.83G   0.03991    0.1572         0    0.1971       226       640    0.9827    0.9984     0.995    0.6992   0.03176    0.1245         0
   119/499     0.83G    0.0373    0.1806         0    0.2179       213       640    0.9827    0.9984     0.995    0.6992   0.03176    0.1245         0
   120/499     0.83G   0.04005    0.1702         0    0.2102       138       640    0.9994         1    0.9955    0.6341   0.03726    0.1431         0
   121/499     0.83G   0.03624    0.1699         0    0.2062       150       640    0.9994         1    0.9955    0.7675   0.02953    0.1162         0
   122/499     0.83G   0.03848    0.1741         0    0.2126       167       640    0.9825    0.9823    0.9947    0.6926   0.02924    0.1169         0
   123/499     0.83G   0.04458    0.1659         0    0.2105       116       640    0.9825    0.9823    0.9947    0.6926   0.02924    0.1169         0
   124/499     0.83G   0.05199    0.1803         0    0.2323       106       640    0.9813    0.9474    0.9873    0.5502   0.03707    0.1291         0
   125/499     0.83G   0.04545    0.1655         0     0.211       150       640    0.9992    0.9649    0.9936    0.5794   0.03339    0.1189         0
   126/499     0.83G   0.03782    0.1479         0    0.1857       163       640         1         1    0.9955    0.5842   0.02813    0.1115         0
   127/499     0.83G    0.0335    0.1507         0    0.1842       176       640         1         1    0.9955    0.5842   0.02813    0.1115         0
   128/499     0.83G   0.03911    0.1455         0    0.1846       201       640    0.9464    0.9286    0.9789    0.5441   0.03519    0.1222         0
   129/499     0.83G   0.03842    0.1581         0    0.1965       162       640    0.9999         1    0.9955    0.7855   0.03057     0.117         0
   130/499     0.83G   0.03808    0.1649         0    0.2029       308       640    0.9999         1    0.9956    0.5165   0.02746    0.1051         0
   131/499     0.83G   0.03943    0.1636         0     0.203       189       640    0.9999         1    0.9956    0.5165   0.02746    0.1051         0
   132/499     0.83G   0.04145    0.1706         0     0.212       165       640         1    0.9822    0.9955    0.4455   0.03314    0.1104         0
   133/499     0.83G   0.03571    0.1486         0    0.1843       163       640         1         1    0.9956    0.7624   0.02538    0.1048         0
   134/499     0.83G    0.0313    0.1519         0    0.1832       246       640         1         1    0.9957    0.6709   0.02168    0.1062         0
   135/499     0.83G   0.03017    0.1314         0    0.1615       169       640         1         1    0.9957    0.6709   0.02168    0.1062         0
   136/499     0.83G   0.03385    0.1522         0    0.1861       150       640         1         1    0.9958    0.5689   0.03044    0.1177         0
   137/499     0.83G   0.03089    0.1483         0    0.1792       151       640         1         1    0.9958    0.8072   0.01949    0.0964         0
   138/499     0.83G   0.02754    0.1474         0    0.1749       171       640         1         1    0.9958    0.7621   0.02592    0.1193         0
   139/499     0.83G   0.03174    0.1576         0    0.1893       229       640         1         1    0.9958    0.7621   0.02592    0.1193         0
   140/499     0.83G   0.03481    0.1682         0     0.203       147       640         1         1    0.9958     0.724   0.03084    0.1339         0
   141/499     0.83G   0.02928    0.1397         0     0.169       178       640         1         1    0.9957    0.8032   0.02082   0.09612         0
   142/499     0.83G   0.02632    0.1437         0      0.17       115       640         1         1    0.9959    0.7804   0.02324    0.1044         0
   143/499     0.83G    0.0283    0.1446         0    0.1729       131       640         1         1    0.9959    0.7804   0.02324    0.1044         0
   144/499     0.83G   0.02993    0.1362         0    0.1661       140       640    0.9821    0.9601    0.9915    0.7516   0.02606    0.1116         0
   145/499     0.83G   0.02859    0.1415         0      0.17       147       640    0.9828         1    0.9956    0.8235   0.01916   0.09597         0
   146/499     0.83G    0.0279    0.1242         0    0.1521       124       640         1    0.9465    0.9814    0.4637   0.03398    0.1192         0
   147/499     0.83G   0.03667    0.1471         0    0.1838       147       640         1    0.9465    0.9814    0.4637   0.03398    0.1192         0
   148/499     0.83G   0.04141    0.1518         0    0.1932       177       640    0.7544    0.8772    0.9021    0.2982   0.04299     0.135         0
   149/499     0.83G   0.03831    0.1626         0    0.2009       214       640    0.9643    0.9825    0.9923    0.6766   0.03674    0.1058         0
   150/499     0.83G   0.03741    0.1707         0    0.2081       253       640      0.98    0.9474    0.9837    0.3269   0.03343    0.1214         0
   151/499     0.83G   0.03906    0.1554         0    0.1944       127       640      0.98    0.9474    0.9837    0.3269   0.03343    0.1214         0
   152/499     0.83G   0.04294    0.1797         0    0.2226       129       640    0.5238    0.9474    0.6777    0.3254   0.03801    0.1349         0
   153/499     0.83G   0.03775    0.1644         0    0.2022       201       640    0.9159    0.7641    0.9131    0.7618   0.02803    0.1055         0
   154/499     0.83G   0.03139    0.1469         0    0.1783       183       640         1         1    0.9958    0.7138   0.02392    0.1157         0
   155/499     0.83G   0.03006    0.1286         0    0.1587       119       640         1         1    0.9958    0.7138   0.02392    0.1157         0
   156/499     0.83G    0.0378    0.1529         0    0.1907       211       640    0.9588    0.8772    0.9732    0.6015   0.03522    0.1332         0
   157/499     0.83G   0.03436    0.1455         0    0.1798       107       640         1         1    0.9958    0.8315    0.0253    0.1088         0
   158/499     0.83G   0.03189    0.1502         0    0.1821       162       640         1         1    0.9958    0.6726   0.02563    0.1083         0
   159/499     0.83G   0.03244    0.1381         0    0.1706       137       640         1         1    0.9958    0.6726   0.02563    0.1083         0
   160/499     0.83G   0.03867    0.1367         0    0.1754       173       640         1         1    0.9958    0.6683   0.03289    0.1184         0
   161/499     0.83G   0.03431    0.1399         0    0.1742       235       640         1    0.9996    0.9958    0.6116   0.02761    0.1044         0
   162/499     0.83G   0.03075    0.1388         0    0.1696       181       640         1         1     0.996    0.7673   0.02279    0.1062         0
   163/499     0.83G   0.03233    0.1728         0    0.2052       169       640         1         1     0.996    0.7673   0.02279    0.1062         0
   164/499     0.83G   0.03795    0.1423         0    0.1803       148       640    0.9992    0.9649    0.9926    0.5865   0.03303     0.121         0
   165/499     0.83G   0.03377    0.1404         0    0.1741       158       640    0.9998         1    0.9961    0.6373   0.03058    0.1114         0
   166/499     0.83G   0.03145    0.1424         0    0.1738       143       640         1         1    0.9959     0.838   0.01866   0.09847         0
   167/499     0.83G   0.02827    0.1559         0    0.1842       189       640         1         1    0.9959     0.838   0.01866   0.09847         0
   168/499     0.83G   0.02993      0.14         0    0.1699       131       640         1         1    0.9959    0.7652   0.02061   0.09917         0
   169/499     0.83G   0.02703    0.1245         0    0.1516       225       640         1         1     0.996    0.7542   0.01699   0.09333         0
   170/499     0.83G    0.0231    0.1264         0    0.1495       237       640         1         1    0.9961     0.735   0.02129   0.09845         0
   171/499     0.83G   0.02524    0.1295         0    0.1548       171       640         1         1    0.9961     0.735   0.02129   0.09845         0
   172/499     0.83G   0.02898     0.151         0    0.1799       218       640         1         1    0.9961    0.7459   0.02543    0.1062         0
   173/499     0.83G     0.027    0.1325         0    0.1595       181       640         1         1    0.9964    0.7938   0.01861    0.1009         0
   174/499     0.83G   0.02483    0.1363         0    0.1611       217       640         1         1    0.9962    0.8555   0.01432   0.08721         0
   175/499     0.83G   0.02457    0.1264         0    0.1509       210       640         1         1    0.9962    0.8555   0.01432   0.08721         0
   176/499     0.83G   0.02856    0.1562         0    0.1848       136       640         1         1    0.9962    0.8659   0.01684   0.09222         0
   177/499     0.83G   0.02544    0.1412         0    0.1666       177       640         1         1    0.9965    0.8407   0.01981    0.1061         0
   178/499     0.83G   0.02328    0.1316         0    0.1549       176       640         1         1    0.9963     0.813   0.01912    0.1134         0
   179/499     0.83G   0.02825    0.1623         0    0.1906        95       640         1         1    0.9963     0.813   0.01912    0.1134         0
   180/499     0.83G   0.03126    0.1707         0     0.202       188       640         1         1    0.9962    0.7648   0.02371    0.1411         0
   181/499     0.83G   0.02637    0.1509         0    0.1773       171       640         1         1    0.9964     0.841   0.02216      0.11         0
   182/499     0.83G   0.02812    0.1451         0    0.1732       213       640         1         1    0.9962    0.8759   0.01497   0.08763         0
   183/499     0.83G   0.02595    0.1472         0    0.1731       111       640         1         1    0.9962    0.8759   0.01497   0.08763         0
   184/499     0.83G   0.03042    0.1449         0    0.1753       161       640         1         1    0.9961    0.8738   0.01983   0.09475         0
   185/499     0.83G   0.02604    0.1256         0    0.1517       107       640         1         1    0.9961    0.7259   0.02143   0.09785         0
   186/499     0.83G   0.02624    0.1414         0    0.1677       160       640         1         1    0.9963    0.7997   0.01664    0.0996         0
   187/499     0.83G   0.02277    0.1207         0    0.1435       154       640         1         1    0.9963    0.7997   0.01664    0.0996         0
   188/499     0.83G   0.02643     0.123         0    0.1494       131       640         1         1    0.9962    0.7706   0.02137    0.1149         0
   189/499     0.83G   0.02507    0.1419         0     0.167       206       640         1         1    0.9961     0.791    0.0161   0.09304         0
   190/499     0.83G   0.02185    0.1272         0    0.1491       213       640         1         1    0.9962    0.8683   0.01632   0.09209         0
   191/499     0.83G   0.02413      0.13         0    0.1541       156       640         1         1    0.9962    0.8683   0.01632   0.09209         0
   192/499     0.83G   0.02586    0.1313         0    0.1572       147       640         1         1    0.9961    0.8718   0.01904   0.09964         0
   193/499     0.83G   0.02526    0.1343         0    0.1596       157       640         1         1    0.9964    0.8041   0.01892    0.1012         0
   194/499     0.83G   0.02477    0.1252         0    0.1499       262       640         1         1    0.9964    0.8258   0.01895   0.09769         0
   195/499     0.83G   0.02761    0.1358         0    0.1635       133       640         1         1    0.9964    0.8258   0.01895   0.09769         0
   196/499     0.83G   0.03154    0.1397         0    0.1712       167       640         1         1    0.9963    0.7584   0.02601     0.109         0
   197/499     0.83G   0.02884    0.1299         0    0.1588       179       640         1         1    0.9964    0.8741   0.01977     0.106         0
   198/499     0.83G   0.02462    0.1335         0    0.1581       167       640         1         1    0.9965    0.8827    0.0163   0.09265         0
   199/499     0.83G   0.02498    0.1463         0    0.1713       105       640         1         1    0.9965    0.8827    0.0163   0.09265         0
   200/499     0.83G   0.02812    0.1456         0    0.1737       261       640    0.9998         1    0.9965     0.872   0.02093   0.09935         0
   201/499     0.83G   0.02582     0.137         0    0.1628       124       640         1         1    0.9964    0.8498   0.01898   0.09756         0
   202/499     0.83G   0.02303    0.1206         0    0.1436       132       640         1         1    0.9965    0.7681   0.02052    0.1051         0
   203/499     0.83G   0.02464    0.1181         0    0.1427       112       640         1         1    0.9965    0.7681   0.02052    0.1051         0
   204/499     0.83G   0.02914    0.1288         0    0.1579       191       640         1         1    0.9965    0.7078   0.02876    0.1231         0
   205/499     0.83G    0.0271    0.1443         0    0.1714       174       640         1         1    0.9964    0.8599   0.02272    0.1032         0
   206/499     0.83G   0.02338    0.1334         0    0.1568       204       640         1         1    0.9964    0.8527   0.01839    0.1053         0
   207/499     0.83G   0.02264    0.1295         0    0.1521       200       640         1         1    0.9964    0.8527   0.01839    0.1053         0
   208/499     0.83G    0.0254    0.1365         0    0.1619       216       640         1         1    0.9964    0.8029   0.02122    0.1134         0
   209/499     0.83G   0.02613    0.1634         0    0.1895       193       640         1         1    0.9964    0.8322   0.01597     0.088         0
   210/499     0.83G   0.02249    0.1017         0    0.1242       149       640         1         1    0.9965    0.8523   0.01725   0.09583         0
   211/499     0.83G   0.02114    0.1321         0    0.1532       222       640         1         1    0.9965    0.8523   0.01725   0.09583         0
   212/499     0.83G   0.02502    0.1429         0     0.168       234       640    0.9999         1    0.9964    0.7942   0.02254    0.1055         0
   213/499     0.83G    0.0221     0.134         0    0.1561       155       640         1         1    0.9964    0.7971   0.02122   0.09975         0
   214/499     0.83G   0.02109    0.1264         0    0.1475       131       640         1         1    0.9966    0.8309   0.01597   0.08818         0
   215/499     0.83G   0.02518    0.1415         0    0.1667       181       640         1         1    0.9966    0.8309   0.01597   0.08818         0
   216/499     0.83G   0.02656    0.1326         0    0.1591       124       640         1         1    0.9966    0.8171   0.02211   0.09529         0
   217/499     0.83G   0.02468    0.1265         0    0.1512       227       640         1         1    0.9967    0.8896   0.01435   0.08593         0
   218/499     0.83G   0.02198    0.1277         0    0.1497       177       640         1         1    0.9968    0.8641   0.01684   0.09021         0
   219/499     0.83G    0.0196    0.1139         0    0.1335       102       640         1         1    0.9968    0.8641   0.01684   0.09021         0
   220/499     0.83G   0.02349    0.1104         0    0.1339       151       640         1         1    0.9969     0.859   0.02407   0.09852         0
   221/499     0.83G   0.02039    0.1026         0     0.123       164       640         1         1    0.9967    0.8961   0.01381   0.08637         0
   222/499     0.83G   0.01903    0.1062         0    0.1252       133       640         1         1    0.9971    0.8749    0.0188    0.0931         0
   223/499     0.83G   0.02083    0.1145         0    0.1353       149       640         1         1    0.9971    0.8749    0.0188    0.0931         0
   224/499     0.83G   0.02344    0.1222         0    0.1456       151       640         1         1    0.9971    0.8606   0.02371    0.1011         0
   225/499     0.83G   0.02238    0.1271         0    0.1494       166       640         1         1    0.9969    0.8722   0.02048   0.09361         0
   226/499     0.83G   0.02044    0.1098         0    0.1303       185       640         1         1     0.997    0.8825   0.01744   0.08846         0
   227/499     0.83G   0.02304    0.1277         0    0.1508       233       640         1         1     0.997    0.8825   0.01744   0.08846         0
   228/499     0.83G   0.02638    0.1225         0    0.1489       142       640         1         1    0.9968    0.8678    0.0188   0.09514         0
   229/499     0.83G   0.02163    0.1068         0    0.1284       141       640         1         1    0.9968     0.888   0.01593   0.09532         0
   230/499     0.83G   0.02035    0.1144         0    0.1348       124       640         1         1    0.9968    0.8953     0.014   0.08114         0
   231/499     0.83G   0.01965    0.1022         0    0.1218       169       640         1         1    0.9968    0.8953     0.014   0.08114         0
   232/499     0.83G   0.02451    0.1228         0    0.1473       174       640         1         1    0.9967    0.8884   0.01628   0.08504         0
   233/499     0.83G   0.02189   0.09831         0    0.1202       162       640         1         1    0.9965    0.8865   0.01439   0.08634         0
   234/499     0.83G   0.02332    0.1161         0    0.1394       178       640         1         1    0.9967     0.861   0.01431   0.09198         0
   235/499     0.83G    0.0208    0.1135         0    0.1343       207       640         1         1    0.9967     0.861   0.01431   0.09198         0
   236/499     0.83G   0.02313    0.1256         0    0.1488       133       640         1         1    0.9969    0.8342   0.02082    0.1047         0
   237/499     0.83G   0.02146    0.1239         0    0.1454       271       640         1         1    0.9967     0.872    0.0177   0.09178         0
   238/499     0.83G   0.02023      0.11         0    0.1303       124       640         1         1    0.9968    0.8502   0.01415   0.08503         0
   239/499     0.83G   0.01831    0.1121         0    0.1304       184       640         1         1    0.9968    0.8502   0.01415   0.08503         0
   240/499     0.83G   0.02251    0.1228         0    0.1453       154       640         1         1    0.9967    0.8274   0.01953   0.09011         0
   241/499     0.83G   0.02141    0.1276         0     0.149       212       640         1         1    0.9967      0.89   0.01747   0.09025         0
   242/499     0.83G   0.02085    0.1259         0    0.1467       186       640         1         1    0.9968    0.8124    0.0187    0.1056         0
   243/499     0.83G   0.02212    0.1277         0    0.1499       132       640         1         1    0.9968    0.8124    0.0187    0.1056         0
   244/499     0.83G    0.0226    0.1335         0    0.1561       188       640         1         1    0.9966    0.7789   0.02166    0.1187         0
   245/499     0.83G   0.01909    0.1122         0    0.1312       173       640         1         1    0.9964    0.8954   0.01489   0.09192         0
   246/499     0.83G   0.01852    0.1185         0     0.137       197       640         1         1    0.9964    0.8539   0.01646    0.1072         0
   247/499     0.83G   0.02031    0.1262         0    0.1465       175       640         1         1    0.9964    0.8539   0.01646    0.1072         0
   248/499     0.83G   0.02453     0.141         0    0.1655       193       640         1         1    0.9965    0.8455   0.02073    0.1193         0
   249/499     0.83G   0.02317    0.1216         0    0.1448       188       640         1         1    0.9965    0.8943   0.01668   0.09549         0
   250/499     0.83G    0.0211    0.1191         0    0.1402       175       640         1         1    0.9966    0.7644   0.01928    0.1041         0
   251/499     0.83G   0.02128    0.1139         0    0.1352       174       640         1         1    0.9966    0.7644   0.01928    0.1041         0
   252/499     0.83G   0.02224    0.1225         0    0.1448       133       640         1         1    0.9965    0.6936   0.02155    0.1092         0
   253/499     0.83G   0.01905    0.1059         0    0.1249       178       640         1         1    0.9964    0.8133   0.01566   0.09248         0
   254/499     0.83G   0.01894    0.1051         0     0.124       138       640         1         1    0.9963    0.8819   0.01429   0.08192         0
   255/499     0.83G   0.02015    0.1053         0    0.1255       227       640         1         1    0.9963    0.8819   0.01429   0.08192         0
   256/499     0.83G   0.02375    0.1313         0     0.155       229       640         1         1    0.9963    0.8813    0.0219   0.08544         0
   257/499     0.83G   0.02171    0.1122         0    0.1339       178       640         1         1    0.9964    0.8964   0.01612   0.08247         0
   258/499     0.83G   0.01976    0.1157         0    0.1355       144       640         1         1    0.9964    0.8667   0.01614   0.09026         0
   259/499     0.83G   0.01904    0.1068         0    0.1258       175       640         1         1    0.9964    0.8667   0.01614   0.09026         0
   260/499     0.83G   0.02194    0.1265         0    0.1484       177       640         1         1    0.9964    0.8682   0.02246   0.09934         0
   261/499     0.83G   0.02185    0.1207         0    0.1426       243       640         1         1    0.9964    0.8983   0.01983   0.08511         0
   262/499     0.83G   0.02139    0.1314         0    0.1528       185       640         1         1    0.9965     0.849   0.01815   0.08367         0
   263/499     0.83G   0.01987    0.1201         0    0.1399       113       640         1         1    0.9965     0.849   0.01815   0.08367         0
   264/499     0.83G   0.01983    0.1164         0    0.1362       188       640         1         1    0.9965    0.8253   0.01871   0.08604         0
   265/499     0.83G   0.02006    0.1146         0    0.1346        96       640         1         1    0.9964    0.8971    0.0153   0.08789         0
   266/499     0.83G   0.01801    0.1089         0    0.1269       205       640         1         1    0.9964    0.8756   0.01785   0.08956         0
   267/499     0.83G   0.01957    0.1041         0    0.1237       187       640         1         1    0.9964    0.8756   0.01785   0.08956         0
   268/499     0.83G   0.02019    0.1092         0    0.1294       125       640         1         1    0.9963    0.8452   0.02073   0.09601         0
   269/499     0.83G   0.02053    0.1223         0    0.1428       225       640         1         1    0.9964    0.9054   0.01584   0.08637         0
   270/499     0.83G   0.01791   0.09846         0    0.1164       129       640         1         1    0.9964     0.811   0.01344   0.08701         0
   271/499     0.83G   0.01833    0.1124         0    0.1307       169       640         1         1    0.9964     0.811   0.01344   0.08701         0
   272/499     0.83G    0.0198    0.1086         0    0.1284       168       640         1         1    0.9965     0.773   0.01424   0.08882         0
   273/499     0.83G   0.01803    0.1142         0    0.1322       187       640         1         1    0.9964    0.8619   0.01204   0.08442         0
   274/499     0.83G   0.01645    0.1144         0    0.1308       245       640         1         1    0.9965    0.8975   0.01366   0.08671         0
   275/499     0.83G   0.01759    0.1084         0     0.126       156       640         1         1    0.9965    0.8975   0.01366   0.08671         0
   276/499     0.83G   0.01965    0.1196         0    0.1392        96       640         1         1    0.9964    0.8834   0.01627   0.09467         0
   277/499     0.83G   0.01924    0.1212         0    0.1405       172       640         1         1    0.9965    0.8975   0.01412   0.08856         0
   278/499     0.83G   0.01774    0.1243         0    0.1421       175       640         1         1    0.9965    0.8825   0.01141   0.08305         0
   279/499     0.83G   0.01832    0.1205         0    0.1388       144       640         1         1    0.9965    0.8825   0.01141   0.08305         0
   280/499     0.83G   0.01962    0.1259         0    0.1455       217       640         1         1    0.9966    0.8686     0.013   0.08844         0
   281/499     0.83G   0.01674    0.1172         0    0.1339       171       640         1         1    0.9967    0.8742   0.01237   0.08555         0
   282/499     0.83G   0.01853    0.1191         0    0.1376       192       640         1         1    0.9967    0.8862   0.01241   0.08599         0
   283/499     0.83G   0.01809    0.1043         0    0.1223       177       640         1         1    0.9967    0.8862   0.01241   0.08599         0
   284/499     0.83G   0.02043    0.1083         0    0.1288       150       640         1         1    0.9966    0.8682   0.01391   0.08834         0
   285/499     0.83G   0.02107    0.1285         0    0.1495       221       640         1         1    0.9967    0.8238   0.01424   0.08797         0
   286/499     0.83G   0.01827    0.1172         0    0.1354       143       640         1         1    0.9965    0.8734   0.01179   0.08198         0
   287/499     0.83G   0.01669    0.1091         0    0.1258       220       640         1         1    0.9965    0.8734   0.01179   0.08198         0
   288/499     0.83G   0.01825    0.1213         0    0.1395       139       640         1         1    0.9964    0.8092   0.01541   0.08708         0
   289/499     0.83G   0.01694    0.1107         0    0.1276       128       640         1         1    0.9966    0.8841   0.01182   0.08071         0
   290/499     0.83G   0.01877    0.1272         0     0.146       208       640         1         1    0.9965    0.8525   0.01501    0.0917         0
   291/499     0.83G    0.0212    0.1229         0    0.1441       215       640         1         1    0.9965    0.8525   0.01501    0.0917         0
   292/499     0.83G    0.0231    0.1311         0    0.1542       172       640         1         1    0.9965    0.8741   0.01762    0.1005         0
   293/499     0.83G   0.02009    0.1221         0    0.1422       139       640         1         1    0.9967    0.8914   0.01268   0.08437         0
   294/499     0.83G   0.01657    0.1171         0    0.1337       137       640         1         1    0.9966    0.9013   0.01359    0.0864         0
   295/499     0.83G   0.01892    0.1099         0    0.1288       120       640         1         1    0.9966    0.9013   0.01359    0.0864         0
   296/499     0.83G   0.01876    0.1035         0    0.1223       158       640         1         1    0.9965     0.903   0.01637   0.09269         0
   297/499     0.83G   0.01748    0.1197         0    0.1372       255       640         1         1    0.9965       0.9   0.01269   0.08654         0
   298/499     0.83G   0.01468    0.0971         0    0.1118       149       640         1         1    0.9965    0.8991   0.01175   0.08316         0
   299/499     0.83G   0.01672    0.1194         0    0.1361       211       640         1         1    0.9965    0.8991   0.01175   0.08316         0
   300/499     0.83G   0.02064    0.1396         0    0.1602       108       640         1         1    0.9965    0.8926    0.0145   0.09038         0
   301/499     0.83G   0.01654    0.1085         0    0.1251       189       640         1         1    0.9966    0.8937   0.01234   0.08998         0
   302/499     0.83G   0.01566   0.09569         0    0.1113       102       640         1         1    0.9966    0.8877   0.01343   0.09235         0
   303/499     0.83G   0.01743    0.1061         0    0.1236       134       640         1         1    0.9966    0.8877   0.01343   0.09235         0
   304/499     0.83G   0.01953    0.1071         0    0.1267       154       640         1         1    0.9967    0.8546    0.0171    0.1008         0
   305/499     0.83G   0.01947      0.11         0    0.1295       198       640         1         1    0.9967    0.8654   0.01631   0.09463         0
   306/499     0.83G   0.01843    0.1199         0    0.1383       202       640         1         1    0.9967    0.8876   0.01144   0.08655         0
   307/499     0.83G   0.01858     0.114         0    0.1326       211       640         1         1    0.9967    0.8876   0.01144   0.08655         0
   308/499     0.83G   0.02046     0.109         0    0.1295       121       640         1         1    0.9967    0.8879     0.014    0.0918         0
   309/499     0.83G   0.01751    0.1109         0    0.1284       107       640         1         1    0.9967    0.8861   0.01244   0.08583         0
   310/499     0.83G   0.01643    0.1046         0     0.121       156       640         1         1    0.9967    0.8922   0.01172   0.08142         0
   311/499     0.83G   0.01761    0.1105         0    0.1281       129       640         1         1    0.9967    0.8922   0.01172   0.08142         0
   312/499     0.83G   0.01845     0.115         0    0.1335       144       640         1         1    0.9968    0.8898   0.01371   0.08506         0
   313/499     0.83G   0.01649    0.1187         0    0.1352       157       640         1         1    0.9969    0.8845   0.01267   0.08249         0
   314/499     0.83G   0.01544    0.1077         0    0.1232       195       640         1         1    0.9967    0.8926   0.01119   0.08096         0
   315/499     0.83G   0.01526    0.1172         0    0.1324       190       640         1         1    0.9967    0.8926   0.01119   0.08096         0
   316/499     0.83G   0.01507    0.1022         0    0.1173       137       640         1         1    0.9967    0.8886   0.01224   0.08381         0
   317/499     0.83G    0.0157    0.1124         0    0.1281       116       640         1         1    0.9968    0.8843   0.01136   0.08089         0
   318/499     0.83G   0.01444   0.09904         0    0.1135       224       640         1         1    0.9968    0.8889   0.01172   0.08334         0
   319/499     0.83G   0.01627    0.1171         0    0.1334       170       640         1         1    0.9968    0.8889   0.01172   0.08334         0
   320/499     0.83G    0.0175    0.1141         0    0.1316       173       640         1         1    0.9969    0.8919   0.01314   0.08859         0
   321/499     0.83G   0.01596    0.1133         0    0.1292       168       640         1         1     0.997    0.8951   0.01117   0.08439         0
   322/499     0.83G   0.01625    0.1044         0    0.1206       127       640         1         1    0.9971    0.8732   0.01426   0.09107         0
   323/499     0.83G   0.01786    0.1134         0    0.1313       178       640         1         1    0.9971    0.8732   0.01426   0.09107         0
   324/499     0.83G   0.01909    0.1165         0    0.1355       190       640         1         1    0.9971    0.8356   0.01784    0.1003         0
   325/499     0.83G   0.01706    0.1185         0    0.1356       228       640         1         1    0.9969    0.8901   0.01291   0.08656         0
   326/499     0.83G   0.01506    0.1065         0    0.1215       147       640         1         1     0.997    0.8909   0.01305   0.08806         0
   327/499     0.83G   0.01727     0.104         0    0.1213       136       640         1         1     0.997    0.8909   0.01305   0.08806         0
   328/499     0.83G   0.02029    0.1229         0    0.1432       172       640         1         1    0.9969    0.8821   0.01753    0.1019         0
   329/499     0.83G   0.01772    0.1067         0    0.1244       151       640         1         1    0.9968    0.8932   0.01537   0.09451         0
   330/499     0.83G    0.0167    0.1064         0    0.1231       122       640         1         1    0.9969    0.8966   0.01162   0.08099         0
   331/499     0.83G   0.01609    0.1035         0    0.1196       164       640         1         1    0.9969    0.8966   0.01162   0.08099         0
   332/499     0.83G   0.01766    0.1082         0    0.1258       186       640         1         1    0.9967     0.893   0.01464   0.08716         0
   333/499     0.83G    0.0162   0.09665         0    0.1129       126       640         1         1    0.9968    0.8838   0.01419   0.08858         0
   334/499     0.83G   0.01653    0.1011         0    0.1176        87       640         1         1    0.9968    0.8888   0.01167   0.08521         0
   335/499     0.83G   0.01649     0.107         0    0.1234       166       640         1         1    0.9968    0.8888   0.01167   0.08521         0
   336/499     0.83G   0.01774    0.1129         0    0.1307       216       640         1         1    0.9968    0.8868   0.01284   0.09029         0
   337/499     0.83G   0.01573    0.1092         0    0.1249       152       640         1         1    0.9969    0.8882    0.0115    0.0839         0
   338/499     0.83G   0.01574   0.09477         0    0.1105       190       640         1         1    0.9968    0.8953   0.01111    0.0827         0
   339/499     0.83G   0.01427   0.09958         0    0.1138       205       640         1         1    0.9968    0.8953   0.01111    0.0827         0
   340/499     0.83G   0.01664    0.1044         0     0.121       194       640         1         1    0.9968    0.8927   0.01217    0.0829         0
   341/499     0.83G   0.01491    0.1107         0    0.1256       172       640         1         1    0.9969    0.8825   0.01192   0.08285         0
   342/499     0.83G   0.01448   0.08948         0     0.104       131       640         1         1    0.9969    0.8971  0.009835   0.07511         0
   343/499     0.83G   0.01506    0.1102         0    0.1252       110       640         1         1    0.9969    0.8971  0.009835   0.07511         0
   344/499     0.83G   0.01435    0.1111         0    0.1254       192       640         1         1     0.997    0.9006   0.01034   0.07466         0
   345/499     0.83G     0.015    0.1015         0    0.1165       141       640         1         1     0.997    0.8897   0.01024   0.07648         0
   346/499     0.83G   0.01388   0.09346         0    0.1073       207       640         1         1     0.997    0.8861   0.01347   0.08562         0
   347/499     0.83G   0.01627    0.1013         0    0.1176       171       640         1         1     0.997    0.8861   0.01347   0.08562         0
   348/499     0.83G   0.01667    0.1191         0    0.1357       241       640         1         1    0.9969    0.8756   0.01636   0.09383         0
   349/499     0.83G   0.01612    0.1138         0    0.1299       151       640         1         1     0.997    0.8913    0.0157   0.08771         0
   350/499     0.83G   0.01489    0.0988         0    0.1137       143       640         1         1    0.9972    0.8835   0.01339   0.08126         0
   351/499     0.83G   0.01437   0.09676         0    0.1111       139       640         1         1    0.9972    0.8835   0.01339   0.08126         0
   352/499     0.83G   0.01505    0.1102         0    0.1253       196       640         1         1    0.9972    0.8875   0.01246   0.08101         0
   353/499     0.83G   0.01388   0.09361         0    0.1075       148       640         1         1    0.9972    0.8991   0.01052    0.0779         0
   354/499     0.83G   0.01368   0.09709         0    0.1108       179       640         1         1    0.9972    0.8922   0.01117   0.08491         0
   355/499     0.83G   0.01434    0.1069         0    0.1212       146       640         1         1    0.9972    0.8922   0.01117   0.08491         0
   356/499     0.83G   0.01606    0.1128         0    0.1288       251       640         1         1    0.9973    0.8917    0.0133   0.09187         0
   357/499     0.83G   0.01361   0.09097         0    0.1046       120       640         1         1    0.9974    0.8989   0.01098   0.08384         0
   358/499     0.83G   0.01442    0.1056         0    0.1201       152       640         1         1    0.9974    0.8937   0.01016   0.08095         0
   359/499     0.83G   0.01393    0.1006         0    0.1145       171       640         1         1    0.9974    0.8937   0.01016   0.08095         0
   360/499     0.83G   0.01435    0.1046         0     0.119       185       640         1         1    0.9974    0.8961   0.01042   0.07852         0
   361/499     0.83G   0.01524   0.09916         0    0.1144       112       640         1         1    0.9975    0.8957   0.01095   0.07712         0
   362/499     0.83G   0.01504    0.1106         0    0.1256       213       640         1         1    0.9974     0.877   0.01204   0.08242         0
   363/499     0.83G   0.01628    0.1033         0    0.1196       213       640         1         1    0.9974     0.877   0.01204   0.08242         0
   364/499     0.83G   0.01785     0.116         0    0.1339       220       640         1         1    0.9974    0.8678   0.01392   0.08841         0
   365/499     0.83G   0.01563    0.1102         0    0.1259       195       640         1         1    0.9972    0.9008   0.01058   0.07976         0
   366/499     0.83G   0.01393   0.09526         0    0.1092       189       640         1         1    0.9974    0.8937   0.01261   0.08671         0
   367/499     0.83G   0.01553    0.1045         0      0.12       197       640         1         1    0.9974    0.8937   0.01261   0.08671         0
   368/499     0.83G    0.0178    0.1005         0    0.1183       146       640         1         1    0.9974    0.8762   0.01547   0.09734         0
   369/499     0.83G   0.01605     0.107         0    0.1231       211       640         1         1    0.9973    0.8905   0.01208   0.08796         0
   370/499     0.83G   0.01527   0.09622         0    0.1115        97       640         1         1    0.9971    0.9019   0.01135   0.08102         0
   371/499     0.83G   0.01471    0.1022         0    0.1169       227       640         1         1    0.9971    0.9019   0.01135   0.08102         0
   372/499     0.83G   0.01663    0.1023         0     0.119       155       640         1         1    0.9971    0.8957   0.01431   0.08762         0
   373/499     0.83G   0.01529    0.1031         0    0.1184       122       640         1         1     0.997    0.8928   0.01253   0.08549         0
   374/499     0.83G   0.01371   0.09541         0    0.1091       133       640         1         1     0.997    0.8926   0.01057   0.08085         0
   375/499     0.83G   0.01535    0.1046         0    0.1199       180       640         1         1     0.997    0.8926   0.01057   0.08085         0
   376/499     0.83G   0.01622   0.09553         0    0.1118       158       640         1         1    0.9969    0.8918   0.01217    0.0861         0
   377/499     0.83G   0.01578    0.1057         0    0.1214       187       640         1         1    0.9968    0.8935   0.01069   0.08189         0
   378/499     0.83G   0.01501    0.1034         0    0.1184       170       640         1         1    0.9969    0.8911   0.01203   0.08411         0
   379/499     0.83G   0.01575    0.1083         0    0.1241       269       640         1         1    0.9969    0.8911   0.01203   0.08411         0
   380/499     0.83G    0.0156    0.1048         0    0.1204       139       640         1         1    0.9969    0.8913   0.01401   0.08931         0
   381/499     0.83G    0.0144    0.1042         0    0.1186       177       640         1         1    0.9968    0.8972   0.01156   0.08046         0
   382/499     0.83G   0.01431    0.1053         0    0.1196       189       640         1         1    0.9968    0.8977  0.009828   0.07429         0
   383/499     0.83G   0.01331   0.09629         0    0.1096       129       640         1         1    0.9968    0.8977  0.009828   0.07429         0
   384/499     0.83G   0.01542     0.103         0    0.1184       161       640         1         1    0.9968    0.8971   0.01068   0.07647         0
   385/499     0.83G   0.01498    0.1106         0    0.1256       119       640         1         1    0.9968    0.8965  0.009886   0.07381         0
   386/499     0.83G   0.01375   0.09822         0     0.112       156       640         1         1    0.9968    0.8984   0.01113   0.08166         0
   387/499     0.83G   0.01521     0.103         0    0.1182       208       640         1         1    0.9968    0.8984   0.01113   0.08166         0
   388/499     0.83G   0.01466    0.1074         0    0.1221       254       640         1         1    0.9968    0.8921   0.01299   0.09022         0
   389/499     0.83G   0.01489     0.105         0    0.1199       209       640         1         1    0.9968    0.8966   0.01121   0.08346         0
   390/499     0.83G   0.01454   0.09953         0    0.1141       219       640         1         1    0.9967    0.9015  0.009962   0.07505         0
   391/499     0.83G    0.0138   0.09687         0    0.1107       122       640         1         1    0.9967    0.9015  0.009962   0.07505         0
   392/499     0.83G   0.01546    0.1132         0    0.1287       154       640         1         1    0.9968    0.9008   0.01085    0.0765         0
   393/499     0.83G    0.0139   0.09453         0    0.1084       168       640         1         1    0.9968    0.8957   0.01019   0.07603         0
   394/499     0.83G    0.0142    0.0947         0    0.1089       105       640         1         1    0.9967    0.9016   0.01011    0.0796         0
   395/499     0.83G   0.01383   0.09379         0    0.1076       198       640         1         1    0.9967    0.9016   0.01011    0.0796         0
   396/499     0.83G   0.01581    0.1121         0    0.1279       274       640         1         1    0.9968    0.8948    0.0108   0.08544         0
   397/499     0.83G   0.01366    0.1046         0    0.1183       215       640         1         1    0.9969    0.8951   0.01027   0.08103         0
   398/499     0.83G   0.01437    0.1016         0     0.116       122       640         1         1    0.9969    0.8976   0.01048   0.08367         0
   399/499     0.83G   0.01415   0.09879         0    0.1129       178       640         1         1    0.9969    0.8976   0.01048   0.08367         0
   400/499     0.83G   0.01486    0.1013         0    0.1162       204       640         1         1    0.9969    0.8887   0.01111   0.08652         0
   401/499     0.83G   0.01275   0.09147         0    0.1042       135       640         1         1    0.9969    0.8966    0.0102   0.08119         0
   402/499     0.83G   0.01428       0.1         0    0.1143       208       640         1         1    0.9969    0.8828   0.01037   0.07677         0
   403/499     0.83G   0.01375    0.1001         0    0.1139       144       640         1         1    0.9969    0.8828   0.01037   0.07677         0
   404/499     0.83G   0.01328   0.09258         0    0.1059       199       640         1         1    0.9969    0.8775   0.01107   0.07742         0
   405/499     0.83G   0.01444   0.09683         0    0.1113       210       640         1         1    0.9969     0.892  0.009812   0.07532         0
   406/499     0.83G   0.01315   0.08974         0    0.1029       140       640         1         1     0.997    0.8918    0.0101   0.07968         0
   407/499     0.83G   0.01322      0.09         0    0.1032       243       640         1         1     0.997    0.8918    0.0101   0.07968         0
   408/499     0.83G   0.01343   0.09626         0    0.1097       204       640         1         1    0.9969    0.8893   0.01089   0.08422         0
   409/499     0.83G   0.01324    0.1049         0    0.1182       140       640         1         1    0.9969    0.8872   0.01053   0.08154         0
   410/499     0.83G   0.01378    0.0948         0    0.1086       121       640         1         1    0.9969    0.8982  0.009935   0.07582         0
   411/499     0.83G    0.0132    0.1076         0    0.1208       123       640         1         1    0.9969    0.8982  0.009935   0.07582         0
   412/499     0.83G   0.01515    0.1052         0    0.1204       265       640         1         1    0.9969    0.8956   0.01009   0.07517         0
   413/499     0.83G   0.01318   0.09662         0    0.1098       119       640         1         1     0.997    0.8989  0.009783   0.07509         0
   414/499     0.83G   0.01383   0.09681         0    0.1106       164       640         1         1     0.997    0.8913   0.01025   0.07925         0
   415/499     0.83G   0.01342   0.09534         0    0.1088       105       640         1         1     0.997    0.8913   0.01025   0.07925         0
   416/499     0.83G   0.01287   0.08835         0    0.1012       168       640         1         1     0.997    0.8895    0.0107   0.08242         0
   417/499     0.83G   0.01508    0.1145         0    0.1296       176       640         1         1    0.9971    0.8997   0.01032   0.08062         0
   418/499     0.83G   0.01332   0.09809         0    0.1114       211       640         1         1    0.9971    0.8843   0.01093   0.08213         0
   419/499     0.83G    0.0128   0.09225         0    0.1051       173       640         1         1    0.9971    0.8843   0.01093   0.08213         0
   420/499     0.83G   0.01435   0.09406         0    0.1084       154       640         1         1    0.9971     0.873    0.0117    0.0849         0
   421/499     0.83G   0.01341   0.09233         0    0.1057       110       640         1         1     0.997    0.8959   0.01039   0.08149         0
   422/499     0.83G   0.01281    0.0925         0    0.1053       149       640         1         1     0.997    0.9029    0.0102   0.07953         0
   423/499     0.83G   0.01354   0.09998         0    0.1135       252       640         1         1     0.997    0.9029    0.0102   0.07953         0
   424/499     0.83G    0.0145   0.09897         0    0.1135       140       640         1         1     0.997    0.9039   0.01053   0.07957         0
   425/499     0.83G   0.01315   0.09993         0    0.1131       133       640         1         1     0.997    0.8961   0.01013   0.07962         0
   426/499     0.83G   0.01436    0.1018         0    0.1162       156       640         1         1    0.9971    0.8799     0.011   0.08393         0
   427/499     0.83G   0.01391   0.09935         0    0.1133       194       640         1         1    0.9971    0.8799     0.011   0.08393         0
   428/499     0.83G   0.01347   0.09642         0    0.1099       135       640         1         1    0.9972    0.8777   0.01241   0.08937         0
   429/499     0.83G   0.01256   0.09334         0    0.1059       139       640         1         1    0.9972    0.8877   0.01127   0.08771         0
   430/499     0.83G   0.01408    0.1012         0    0.1153       216       640         1         1    0.9971     0.896   0.01049   0.08638         0
   431/499     0.83G   0.01333   0.09323         0    0.1066       167       640         1         1    0.9971     0.896   0.01049   0.08638         0
   432/499     0.83G   0.01332   0.09967         0     0.113       142       640         1         1     0.997    0.8899   0.01073   0.08745         0
   433/499     0.83G   0.01311   0.08969         0    0.1028       148       640         1         1    0.9971    0.8893   0.01051   0.08603         0
   434/499     0.83G   0.01362    0.1023         0     0.116       201       640         1         1    0.9972    0.8944   0.01039   0.08296         0
   435/499     0.83G   0.01438    0.1075         0    0.1219       280       640         1         1    0.9972    0.8944   0.01039   0.08296         0
   436/499     0.83G   0.01283   0.08482         0   0.09765       217       640         1         1    0.9972    0.8937   0.01074   0.08224         0
   437/499     0.83G    0.0144   0.09679         0    0.1112       219       640         1         1    0.9972    0.8953   0.01019   0.08089         0
   438/499     0.83G   0.01377    0.0992         0     0.113       140       640         1         1    0.9972    0.8986  0.009928    0.0778         0
   439/499     0.83G   0.01261   0.09275         0    0.1054       165       640         1         1    0.9972    0.8986  0.009928    0.0778         0
   440/499     0.83G   0.01329    0.1056         0    0.1189       115       640         1         1    0.9971     0.904  0.009883    0.0769         0
   441/499     0.83G   0.01348    0.1006         0    0.1141       138       640         1         1    0.9971    0.9016  0.009437   0.07637         0
   442/499     0.83G   0.01233   0.09644         0    0.1088       110       640         1         1    0.9971    0.8962  0.009868   0.07969         0
   443/499     0.83G   0.01197   0.08324         0   0.09521       126       640         1         1    0.9971    0.8962  0.009868   0.07969         0
   444/499     0.83G   0.01275   0.09607         0    0.1088       161       640         1         1     0.997    0.8942   0.01024   0.08182         0
   445/499     0.83G   0.01448    0.1091         0    0.1236       120       640         1         1     0.997    0.8949  0.009954   0.08185         0
   446/499     0.83G   0.01265    0.0893         0    0.1019       166       640         1         1     0.997     0.897   0.01002     0.079         0
   447/499     0.83G    0.0135    0.1008         0    0.1143       186       640         1         1     0.997     0.897   0.01002     0.079         0
   448/499     0.83G   0.01307   0.09842         0    0.1115       201       640         1         1    0.9971    0.8926   0.01045   0.07998         0
   449/499     0.83G   0.01268   0.09732         0      0.11       176       640         1         1     0.997     0.891   0.01015   0.08051         0
   450/499     0.83G    0.0125   0.09607         0    0.1086       147       640         1         1    0.9971    0.8963  0.009747   0.07736         0
   451/499     0.83G   0.01268    0.1017         0    0.1144       171       640         1         1    0.9971    0.8963  0.009747   0.07736         0
   452/499     0.83G   0.01293   0.09487         0    0.1078       165       640         1         1     0.997    0.8945  0.009666   0.07636         0
   453/499     0.83G   0.01371   0.09598         0    0.1097       226       640         1         1     0.997    0.9035  0.009574   0.07513         0
   454/499     0.83G   0.01306    0.0973         0    0.1104       158       640         1         1    0.9969    0.8925  0.009994   0.07985         0
   455/499     0.83G   0.01299   0.08881         0    0.1018       107       640         1         1    0.9969    0.8925  0.009994   0.07985         0
   456/499     0.83G   0.01334   0.09567         0     0.109       185       640         1         1    0.9969    0.8901   0.01035   0.08312         0
   457/499     0.83G   0.01313   0.09511         0    0.1082       259       640         1         1    0.9969    0.8945   0.01027   0.08155         0
   458/499     0.83G    0.0129   0.09764         0    0.1105       142       640         1         1    0.9969     0.901   0.00991    0.0774         0
   459/499     0.83G   0.01388    0.1128         0    0.1267       168       640         1         1    0.9969     0.901   0.00991    0.0774         0
   460/499     0.83G   0.01231    0.0946         0    0.1069       153       640         1         1    0.9969    0.8983  0.009813   0.07572         0
   461/499     0.83G   0.01275   0.08813         0    0.1009       179       640         1         1    0.9969    0.8988  0.009856   0.07656         0
   462/499     0.83G   0.01293   0.08825         0    0.1012       159       640         1         1    0.9969    0.8943  0.009693    0.0759         0
   463/499     0.83G   0.01267   0.09728         0      0.11       128       640         1         1    0.9969    0.8943  0.009693    0.0759         0
   464/499     0.83G   0.01348    0.1024         0    0.1159       263       640         1         1    0.9969    0.8902  0.009925   0.07649         0
   465/499     0.83G   0.01359     0.101         0    0.1146       203       640         1         1    0.9969    0.8984  0.009778   0.07598         0
   466/499     0.83G    0.0124   0.09839         0    0.1108       210       640         1         1    0.9969     0.901  0.009714   0.07614         0
   467/499     0.83G   0.01222   0.09666         0    0.1089       180       640         1         1    0.9969     0.901  0.009714   0.07614         0
   468/499     0.83G    0.0128   0.09651         0    0.1093       176       640         1         1    0.9969    0.9033  0.009906   0.07699         0
   469/499     0.83G   0.01261   0.09303         0    0.1056       147       640         1         1    0.9969    0.8993  0.009815   0.07741         0
   470/499     0.83G   0.01213   0.08068         0   0.09282       158       640         1         1    0.9969    0.8953   0.01006   0.07923         0
   471/499     0.83G   0.01225   0.08705         0    0.0993       144       640         1         1    0.9969    0.8953   0.01006   0.07923         0
   472/499     0.83G   0.01332   0.09356         0    0.1069       154       640         1         1    0.9969    0.8798   0.01046   0.08146         0
   473/499     0.83G   0.01222   0.09915         0    0.1114       184       640         1         1     0.997    0.8864   0.01014   0.08015         0
   474/499     0.83G   0.01325   0.09083         0    0.1041       246       640         1         1    0.9969    0.8896   0.01024   0.07911         0
   475/499     0.83G   0.01196   0.09253         0    0.1045       168       640         1         1    0.9969    0.8896   0.01024   0.07911         0
   476/499     0.83G   0.01285    0.0877         0    0.1005        91       640         1         1     0.997    0.8883   0.01046   0.07943         0
   477/499     0.83G   0.01343    0.1056         0     0.119       268       640         1         1     0.997     0.889   0.01027   0.07785         0
   478/499     0.83G   0.01213   0.08942         0    0.1015       187       640         1         1    0.9969    0.8964  0.009933   0.08032         0
   479/499     0.83G   0.01313     0.105         0    0.1182       103       640         1         1    0.9969    0.8964  0.009933   0.08032         0
   480/499     0.83G    0.0136    0.1056         0    0.1192       221       640         1         1     0.997     0.896   0.01029   0.08209         0
   481/499     0.83G   0.01311    0.0904         0    0.1035        83       640         1         1    0.9969    0.8892   0.01004   0.08192         0
   482/499     0.83G   0.01248   0.08875         0    0.1012       184       640         1         1    0.9969    0.8892   0.01015   0.08274         0
   483/499     0.83G   0.01236   0.09681         0    0.1092       238       640         1         1    0.9969    0.8892   0.01015   0.08274         0
   484/499     0.83G     0.013   0.09061         0    0.1036       136       640         1         1    0.9969    0.8892   0.01033    0.0841         0
   485/499     0.83G   0.01179   0.09261         0    0.1044       151       640         1         1    0.9969    0.8909  0.009991     0.082         0
   486/499     0.83G   0.01216   0.08607         0   0.09823       130       640         1         1     0.997    0.8996  0.009953   0.08174         0
   487/499     0.83G   0.01288   0.08737         0    0.1003       148       640         1         1     0.997    0.8996  0.009953   0.08174         0
   488/499     0.83G   0.01263   0.09943         0    0.1121       243       640         1         1     0.997    0.8887   0.01014   0.08204         0
   489/499     0.83G   0.01295    0.1008         0    0.1137       240       640         1         1     0.997     0.888   0.01008   0.08114         0
   490/499     0.83G   0.01301    0.0922         0    0.1052       144       640         1         1     0.997      0.89  0.009717   0.08079         0
   491/499     0.83G    0.0118   0.09014         0    0.1019       153       640         1         1     0.997      0.89  0.009717   0.08079         0
   492/499     0.83G   0.01408    0.1111         0    0.1252       159       640         1         1    0.9971    0.8935  0.009715   0.08108         0
   493/499     0.83G   0.01333     0.106         0    0.1193       150       640         1         1    0.9971    0.8916  0.009856   0.08127         0
   494/499     0.83G   0.01255   0.09032         0    0.1029       157       640         1         1     0.997     0.895  0.009899   0.08299         0
   495/499     0.83G   0.01411    0.1077         0    0.1218       155       640         1         1     0.997     0.895  0.009899   0.08299         0
   496/499     0.83G   0.01256   0.09397         0    0.1065       184       640         1         1     0.997    0.8916   0.01039   0.08462         0
   497/499     0.83G     0.013    0.0992         0    0.1122       189       640         1         1     0.997    0.8895   0.01011    0.0836         0
   498/499     0.83G   0.01423    0.0934         0    0.1076       255       640         1         1     0.997    0.8912   0.01037   0.08284         0
   499/499     0.83G   0.01295    0.1022         0    0.1151       205       640         1         1     0.997    0.8912   0.01037   0.08284         0
