0 0.081942 0.237854 0.124431 0.159919
0 0.241275 0.233806 0.118361 0.151822
0 0.402883 0.227733 0.116844 0.159919
0 0.563733 0.222672 0.116844 0.157895
0 0.722307 0.224696 0.124431 0.165992
0 0.883915 0.213563 0.119879 0.163968
0 0.887709 0.415992 0.124431 0.159919
0 0.725341 0.415992 0.118361 0.168016
0 0.562974 0.422065 0.115326 0.159919
0 0.405159 0.429150 0.121396 0.161943
0 0.242792 0.431174 0.118361 0.153846
0 0.082701 0.440283 0.125948 0.168016
0 0.240516 0.638664 0.116844 0.163968
0 0.403642 0.629555 0.121396 0.161943
0 0.562215 0.628543 0.122914 0.168016
0 0.726859 0.613360 0.124431 0.161943
0 0.886950 0.613360 0.122914 0.165992
0 0.244310 0.840081 0.121396 0.157895
0 0.403642 0.831984 0.118361 0.157895
0 0.566009 0.832996 0.121396 0.159919
0 0.726859 0.834008 0.121396 0.165992
0 0.887709 0.824899 0.115326 0.163968
