0 0.128225 0.116397 0.119879 0.159919
0 0.283763 0.114372 0.124431 0.159919
0 0.444613 0.103239 0.121396 0.157895
0 0.444613 0.311741 0.121396 0.161943
0 0.604704 0.302632 0.116844 0.172065
0 0.762519 0.300607 0.122914 0.159919
0 0.924886 0.155870 0.104704 0.174089
0 0.924886 0.503036 0.119879 0.159919
0 0.769347 0.512146 0.130501 0.161943
0 0.604704 0.512146 0.122914 0.165992
0 0.446131 0.515182 0.121396 0.159919
0 0.281487 0.516194 0.122914 0.157895
0 0.126707 0.516194 0.119879 0.161943
0 0.124431 0.315789 0.121396 0.161943
0 0.280728 0.314777 0.118361 0.163968
0 0.124431 0.724696 0.124431 0.157895
0 0.282246 0.718623 0.124431 0.165992
0 0.448407 0.716599 0.125948 0.165992
0 0.604704 0.717611 0.122914 0.163968
0 0.766313 0.708502 0.124431 0.165992
0 0.924127 0.700405 0.121396 0.165992
0 0.926404 0.904858 0.125948 0.170040
0 0.763278 0.912955 0.121396 0.161943
0 0.603945 0.917004 0.118361 0.161943
0 0.445372 0.915992 0.116844 0.155870
0 0.280728 0.918016 0.121396 0.163968
0 0.123672 0.922065 0.122914 0.155870
