0 0.088012 0.107287 0.118361 0.157895
0 0.088771 0.315789 0.119879 0.157895
0 0.090288 0.519231 0.116844 0.163968
0 0.089530 0.721660 0.124431 0.163968
0 0.088012 0.919028 0.118361 0.161943
0 0.251138 0.919028 0.122914 0.161943
0 0.407436 0.915992 0.113809 0.159919
0 0.728376 0.909919 0.121396 0.163968
0 0.889226 0.902834 0.121396 0.161943
0 0.569044 0.908907 0.118361 0.157895
0 0.798938 0.723684 0.119879 0.163968
0 0.918816 0.703441 0.119879 0.163968
0 0.885432 0.491903 0.119879 0.161943
0 0.884674 0.291498 0.118361 0.157895
0 0.726859 0.295547 0.121396 0.165992
0 0.727618 0.491903 0.122914 0.153846
0 0.567527 0.493927 0.112291 0.161943
0 0.567527 0.298583 0.118361 0.151822
0 0.564492 0.097166 0.118361 0.157895
0 0.726859 0.095142 0.118361 0.161943
0 0.886191 0.091093 0.127466 0.161943
0 0.406677 0.101215 0.121396 0.161943
0 0.408194 0.308704 0.118361 0.159919
0 0.408953 0.505061 0.122914 0.159919
0 0.246586 0.717611 0.119879 0.159919
0 0.245827 0.510121 0.118361 0.161943
0 0.246586 0.308704 0.116844 0.159919
0 0.247344 0.097166 0.118361 0.165992
