0 0.263278 0.088057 0.116844 0.155870
0 0.423369 0.086032 0.124431 0.151822
0 0.576631 0.086032 0.121396 0.163968
0 0.739757 0.074899 0.116844 0.145749
0 0.902883 0.078947 0.118361 0.149798
0 0.264795 0.291498 0.116844 0.149798
0 0.422610 0.289474 0.122914 0.157895
0 0.578907 0.279352 0.119879 0.157895
0 0.741275 0.275304 0.116844 0.157895
0 0.901366 0.272267 0.115326 0.155870
0 0.265554 0.493927 0.124431 0.161943
0 0.421851 0.492915 0.118361 0.163968
0 0.579666 0.486842 0.115326 0.163968
0 0.740516 0.482794 0.124431 0.163968
0 0.902883 0.479757 0.121396 0.165992
0 0.262519 0.697368 0.118361 0.159919
0 0.422610 0.694332 0.122914 0.157895
0 0.581942 0.689271 0.125948 0.163968
0 0.740516 0.688259 0.124431 0.165992
0 0.904401 0.683198 0.118361 0.163968
0 0.904401 0.885628 0.121396 0.168016
0 0.740516 0.889676 0.118361 0.159919
0 0.609256 0.910931 0.110774 0.174089
0 0.486343 0.907895 0.122914 0.176113
