0 0.088771 0.094130 0.116844 0.159919
0 0.245827 0.087045 0.118361 0.157895
0 0.407436 0.086032 0.116844 0.168016
0 0.566009 0.078947 0.115326 0.153846
0 0.724583 0.079960 0.119879 0.151822
0 0.887709 0.077935 0.121396 0.151822
0 0.091047 0.301619 0.121396 0.161943
0 0.245827 0.291498 0.121396 0.157895
0 0.405159 0.289474 0.121396 0.153846
0 0.566768 0.283401 0.119879 0.165992
0 0.729135 0.281377 0.125948 0.170040
0 0.888467 0.280364 0.116844 0.163968
0 0.090288 0.502024 0.122914 0.157895
0 0.248862 0.486842 0.121396 0.159919
0 0.403642 0.487854 0.124431 0.165992
0 0.567527 0.491903 0.115326 0.165992
0 0.727618 0.482794 0.125948 0.168016
0 0.889226 0.472672 0.121396 0.168016
0 0.889226 0.684211 0.118361 0.161943
0 0.728376 0.679150 0.124431 0.163968
0 0.566768 0.690283 0.128983 0.161943
0 0.406677 0.693320 0.121396 0.163968
0 0.249621 0.698381 0.122914 0.157895
0 0.088771 0.702429 0.119879 0.161943
0 0.090288 0.904858 0.119879 0.165992
0 0.248862 0.902834 0.121396 0.161943
0 0.405918 0.896761 0.119879 0.161943
0 0.567527 0.895749 0.118361 0.163968
0 0.728376 0.896761 0.124431 0.174089
0 0.888467 0.880567 0.119879 0.161943
