0 0.085736 0.899798 0.119879 0.163968
0 0.245827 0.896761 0.115326 0.153846
0 0.243551 0.694332 0.119879 0.161943
0 0.242792 0.490891 0.118361 0.159919
0 0.245827 0.295547 0.121396 0.161943
0 0.245827 0.087045 0.121396 0.161943
0 0.404401 0.085020 0.116844 0.161943
0 0.404401 0.285425 0.119879 0.157895
0 0.405159 0.490891 0.118361 0.155870
0 0.405918 0.689271 0.119879 0.155870
0 0.405159 0.897773 0.121396 0.151822
0 0.564492 0.895749 0.118361 0.155870
0 0.562215 0.685223 0.119879 0.159919
0 0.565250 0.487854 0.116844 0.161943
0 0.564492 0.282389 0.118361 0.159919
0 0.563733 0.078947 0.116844 0.153846
0 0.723824 0.079960 0.121396 0.155870
0 0.726859 0.281377 0.118361 0.161943
0 0.880880 0.080972 0.116844 0.149798
0 0.883915 0.269231 0.119879 0.157895
0 0.883915 0.481781 0.113809 0.161943
0 0.883915 0.678138 0.119879 0.161943
0 0.884674 0.889676 0.121396 0.163968
0 0.728376 0.888664 0.118361 0.161943
0 0.726859 0.683198 0.121396 0.155870
0 0.725341 0.484818 0.121396 0.159919
