0 0.240516 0.707490 0.116844 0.159919
0 0.239757 0.908907 0.121396 0.161943
0 0.402124 0.906883 0.118361 0.157895
0 0.561457 0.905870 0.118361 0.155870
0 0.723065 0.897773 0.125948 0.163968
0 0.883156 0.890688 0.118361 0.165992
0 0.881639 0.692308 0.115326 0.161943
0 0.721548 0.695344 0.116844 0.159919
0 0.560698 0.691296 0.122914 0.159919
0 0.402124 0.704453 0.115326 0.157895
0 0.399090 0.500000 0.121396 0.161943
0 0.558422 0.492915 0.118361 0.163968
0 0.720030 0.492915 0.128983 0.172065
0 0.880880 0.491903 0.122914 0.165992
0 0.879363 0.285425 0.122914 0.165992
0 0.719272 0.288462 0.121396 0.168016
0 0.559181 0.297571 0.119879 0.174089
0 0.400607 0.301619 0.121396 0.170040
0 0.397572 0.098178 0.115326 0.159919
0 0.557663 0.089069 0.116844 0.165992
0 0.719272 0.088057 0.118361 0.163968
0 0.879363 0.089069 0.119879 0.165992
