0 0.092564 0.704453 0.118361 0.165992
0 0.094841 0.913968 0.122914 0.155870
0 0.256449 0.908907 0.118361 0.161943
0 0.254932 0.696356 0.118361 0.161943
0 0.251897 0.494939 0.118361 0.163968
0 0.251138 0.295547 0.116844 0.157895
0 0.412747 0.296559 0.118361 0.159919
0 0.414264 0.497976 0.121396 0.161943
0 0.415023 0.696356 0.119879 0.174089
0 0.415781 0.899798 0.115326 0.163968
0 0.574355 0.898785 0.119879 0.165992
0 0.897572 0.893725 0.116844 0.168016
0 0.735964 0.893725 0.121396 0.159919
0 0.735205 0.692308 0.125948 0.161943
0 0.895296 0.684211 0.121396 0.157895
0 0.577390 0.697368 0.119879 0.163968
0 0.574355 0.489879 0.119879 0.165992
0 0.732929 0.486842 0.121396 0.172065
0 0.892261 0.484818 0.118361 0.163968
0 0.893020 0.282389 0.119879 0.172065
0 0.733687 0.285425 0.119879 0.165992
0 0.574355 0.288462 0.122914 0.163968
0 0.412747 0.090081 0.118361 0.159919
0 0.573596 0.085020 0.121396 0.157895
0 0.730653 0.086032 0.119879 0.155870
0 0.892261 0.081984 0.115326 0.143725
