0 0.077390 0.117409 0.121396 0.161943
0 0.238998 0.108300 0.119879 0.159919
0 0.400607 0.110324 0.124431 0.159919
0 0.556904 0.099190 0.118361 0.161943
0 0.719272 0.100202 0.118361 0.159919
0 0.875569 0.099190 0.124431 0.161943
0 0.878604 0.294534 0.118361 0.155870
0 0.722307 0.305668 0.121396 0.157895
0 0.559181 0.310729 0.116844 0.163968
0 0.399848 0.316802 0.122914 0.155870
0 0.239757 0.307692 0.118361 0.157895
0 0.081184 0.318826 0.119879 0.155870
0 0.078149 0.518219 0.116844 0.165992
0 0.238998 0.515182 0.122914 0.168016
0 0.397572 0.513158 0.115326 0.155870
0 0.561457 0.510121 0.115326 0.161943
0 0.723065 0.505061 0.122914 0.163968
0 0.878604 0.500000 0.118361 0.161943
0 0.078907 0.716599 0.121396 0.170040
0 0.238240 0.717611 0.112291 0.168016
0 0.396055 0.710526 0.115326 0.161943
0 0.561457 0.712551 0.115326 0.161943
0 0.716237 0.708502 0.118361 0.157895
0 0.880121 0.708502 0.121396 0.161943
0 0.079666 0.920040 0.122914 0.155870
0 0.242792 0.922065 0.121396 0.155870
0 0.397572 0.915992 0.121396 0.151822
0 0.564492 0.909919 0.118361 0.155870
0 0.722307 0.897773 0.121396 0.163968
0 0.882398 0.906883 0.119879 0.170040
