0 0.081942 0.707490 0.124431 0.163968
0 0.085736 0.917004 0.119879 0.165992
0 0.240516 0.295547 0.119879 0.170040
0 0.240516 0.497976 0.119879 0.174089
0 0.244310 0.713563 0.121396 0.168016
0 0.244310 0.911943 0.121396 0.159919
0 0.399848 0.097166 0.119879 0.157895
0 0.401366 0.299595 0.119879 0.170040
0 0.402124 0.502024 0.118361 0.174089
0 0.400607 0.708502 0.118361 0.157895
0 0.405159 0.909919 0.121396 0.159919
0 0.562215 0.292510 0.119879 0.163968
0 0.562215 0.500000 0.125948 0.161943
0 0.560698 0.702429 0.116844 0.161943
0 0.559939 0.906883 0.124431 0.157895
0 0.724583 0.900810 0.119879 0.161943
0 0.720030 0.701417 0.119879 0.168016
0 0.720789 0.488866 0.124431 0.163968
0 0.723065 0.293522 0.122914 0.165992
0 0.720030 0.088057 0.119879 0.159919
0 0.880880 0.090081 0.122914 0.163968
0 0.882398 0.290486 0.119879 0.159919
0 0.882398 0.490891 0.119879 0.159919
0 0.884674 0.699393 0.121396 0.163968
0 0.883156 0.898785 0.121396 0.157895
