0 0.072838 0.247976 0.124431 0.155870
0 0.233687 0.246964 0.115326 0.161943
0 0.395296 0.236842 0.122914 0.153846
0 0.556904 0.231781 0.118361 0.155870
0 0.716237 0.225709 0.118361 0.159919
0 0.075873 0.443320 0.121396 0.157895
0 0.233687 0.445344 0.121396 0.153846
0 0.395296 0.438259 0.116844 0.155870
0 0.556146 0.432186 0.116844 0.155870
0 0.718513 0.426113 0.119879 0.155870
0 0.877845 0.420040 0.119879 0.159919
0 0.070561 0.641700 0.119879 0.170040
0 0.235964 0.648785 0.119879 0.155870
0 0.395296 0.639676 0.119879 0.153846
0 0.556146 0.636640 0.119879 0.159919
0 0.716995 0.631579 0.116844 0.157895
0 0.880880 0.621457 0.119879 0.153846
0 0.396813 0.843117 0.122914 0.159919
0 0.076631 0.849190 0.116844 0.159919
0 0.558422 0.839069 0.118361 0.159919
0 0.716995 0.837045 0.122914 0.155870
0 0.880880 0.831984 0.119879 0.161943
0 0.883915 0.224696 0.147193 0.182186
