0 0.086495 0.714575 0.121396 0.165992
0 0.086495 0.920040 0.121396 0.155870
0 0.245827 0.912955 0.121396 0.165992
0 0.246586 0.709514 0.116844 0.163968
0 0.245068 0.513158 0.116844 0.168016
0 0.243551 0.311741 0.122914 0.161943
0 0.245068 0.111336 0.116844 0.157895
0 0.403642 0.105263 0.121396 0.161943
0 0.403642 0.303644 0.121396 0.157895
0 0.404401 0.508097 0.116844 0.157895
0 0.407436 0.711538 0.119879 0.159919
0 0.406677 0.915992 0.124431 0.168016
0 0.569044 0.908907 0.118361 0.161943
0 0.730653 0.901822 0.125948 0.168016
0 0.886950 0.901822 0.122914 0.163968
0 0.886950 0.693320 0.122914 0.168016
0 0.727618 0.709514 0.119879 0.159919
0 0.568285 0.706478 0.116844 0.161943
0 0.566768 0.503036 0.116844 0.159919
0 0.566009 0.302632 0.118361 0.159919
0 0.727618 0.292510 0.122914 0.159919
0 0.883156 0.290486 0.118361 0.163968
0 0.883915 0.089069 0.119879 0.161943
0 0.726859 0.095142 0.121396 0.161943
0 0.564492 0.091093 0.121396 0.161943
0 0.726100 0.501012 0.122914 0.163968
