0 0.081184 0.118421 0.119879 0.159919
0 0.242792 0.104251 0.121396 0.168016
0 0.402883 0.108300 0.116844 0.163968
0 0.561457 0.098178 0.121396 0.159919
0 0.722307 0.100202 0.121396 0.159919
0 0.724583 0.301619 0.116844 0.153846
0 0.559939 0.300607 0.115326 0.151822
0 0.403642 0.308704 0.124431 0.159919
0 0.245068 0.315789 0.116844 0.157895
0 0.084219 0.316802 0.125948 0.163968
0 0.080425 0.518219 0.118361 0.153846
0 0.245827 0.517206 0.118361 0.159919
0 0.407436 0.509109 0.122914 0.155870
0 0.563733 0.508097 0.119879 0.157895
0 0.725341 0.500000 0.121396 0.161943
0 0.725341 0.703441 0.121396 0.155870
0 0.560698 0.704453 0.113809 0.157895
0 0.405159 0.718623 0.118361 0.153846
0 0.244310 0.716599 0.118361 0.161943
0 0.084219 0.726721 0.119879 0.161943
0 0.085736 0.917004 0.119879 0.157895
0 0.247344 0.920040 0.118361 0.159919
0 0.405918 0.912955 0.119879 0.161943
0 0.562974 0.909919 0.115326 0.163968
0 0.726100 0.906883 0.116844 0.157895
