0 0.095599 0.699393 0.121396 0.159919
0 0.095599 0.910931 0.118361 0.157895
0 0.259484 0.892713 0.115326 0.157895
0 0.256449 0.697368 0.118361 0.159919
0 0.257967 0.490891 0.121396 0.163968
0 0.416540 0.491903 0.119879 0.161943
0 0.417299 0.699393 0.124431 0.168016
0 0.415781 0.894737 0.127466 0.170040
0 0.575114 0.887652 0.121396 0.168016
0 0.574355 0.689271 0.119879 0.163968
0 0.572079 0.482794 0.121396 0.159919
0 0.572079 0.290486 0.121396 0.163968
0 0.733687 0.274291 0.122914 0.163968
0 0.729894 0.078947 0.118361 0.153846
0 0.734446 0.480769 0.127466 0.163968
0 0.735964 0.685223 0.121396 0.163968
0 0.738240 0.892713 0.119879 0.161943
