0 0.122155 0.118421 0.116844 0.151822
0 0.283763 0.116397 0.124431 0.168016
0 0.443096 0.107287 0.121396 0.161943
0 0.600910 0.103239 0.121396 0.165992
0 0.763278 0.102227 0.118361 0.163968
0 0.920334 0.100202 0.119879 0.163968
0 0.125948 0.322874 0.124431 0.163968
0 0.281487 0.313765 0.125948 0.165992
0 0.443096 0.312753 0.127466 0.172065
0 0.599393 0.310729 0.124431 0.163968
0 0.764036 0.309717 0.119879 0.165992
0 0.920334 0.300607 0.116844 0.168016
0 0.122155 0.534413 0.122914 0.161943
0 0.285281 0.514170 0.127466 0.165992
0 0.444613 0.514170 0.124431 0.165992
0 0.603945 0.507085 0.124431 0.163968
0 0.764036 0.509109 0.125948 0.168016
0 0.922610 0.497976 0.118361 0.161943
0 0.922610 0.708502 0.127466 0.161943
0 0.764036 0.714575 0.119879 0.161943
0 0.924127 0.909919 0.121396 0.172065
0 0.764036 0.913968 0.119879 0.163968
0 0.600910 0.912955 0.121396 0.161943
0 0.602428 0.710526 0.118361 0.165992
0 0.443854 0.723684 0.119879 0.163968
0 0.445372 0.918016 0.119879 0.159919
0 0.286039 0.922065 0.119879 0.151822
0 0.281487 0.719636 0.119879 0.159919
0 0.122914 0.722672 0.121396 0.170040
0 0.122914 0.924089 0.124431 0.151822
