0 0.100910 0.140688 0.135053 0.180162
0 0.246586 0.116397 0.119879 0.159919
0 0.406677 0.113360 0.124431 0.161943
0 0.565250 0.102227 0.116844 0.159919
0 0.725341 0.104251 0.121396 0.159919
0 0.884674 0.096154 0.118361 0.155870
0 0.247344 0.313765 0.124431 0.161943
0 0.407436 0.311741 0.119879 0.161943
0 0.566009 0.300607 0.124431 0.168016
0 0.726100 0.302632 0.122914 0.172065
0 0.885432 0.295547 0.125948 0.174089
0 0.887709 0.496964 0.124431 0.159919
0 0.723824 0.500000 0.124431 0.161943
0 0.563733 0.508097 0.119879 0.165992
0 0.408194 0.509109 0.118361 0.159919
0 0.248103 0.520243 0.119879 0.157895
0 0.110774 0.443320 0.106222 0.170040
0 0.119120 0.609312 0.119879 0.174089
0 0.248862 0.711538 0.118361 0.155870
0 0.410470 0.712551 0.125948 0.153846
0 0.569044 0.710526 0.124431 0.161943
0 0.729135 0.708502 0.122914 0.165992
0 0.888467 0.702429 0.122914 0.165992
0 0.887709 0.904858 0.121396 0.165992
0 0.730653 0.913968 0.125948 0.172065
0 0.567527 0.917004 0.121396 0.153846
0 0.411988 0.918016 0.125948 0.163968
0 0.248103 0.921053 0.125948 0.157895
