0 0.114568 0.116397 0.122914 0.159919
0 0.276176 0.110324 0.121396 0.163968
0 0.431715 0.103239 0.125948 0.170040
0 0.593323 0.104251 0.124431 0.172065
0 0.751897 0.097166 0.125948 0.170040
0 0.912747 0.093117 0.116844 0.161943
0 0.913505 0.296559 0.118361 0.163968
0 0.754932 0.297571 0.122914 0.161943
0 0.594841 0.297571 0.121396 0.161943
0 0.433991 0.306680 0.124431 0.159919
0 0.274659 0.311741 0.121396 0.165992
0 0.116844 0.312753 0.121396 0.159919
0 0.117602 0.518219 0.119879 0.161943
0 0.275417 0.513158 0.119879 0.155870
0 0.431715 0.498988 0.116844 0.163968
0 0.591047 0.511134 0.119879 0.155870
0 0.754932 0.501012 0.116844 0.168016
0 0.915023 0.496964 0.118361 0.155870
0 0.117602 0.718623 0.116844 0.161943
0 0.278452 0.718623 0.119879 0.165992
0 0.437026 0.712551 0.118361 0.153846
0 0.597117 0.708502 0.119879 0.153846
0 0.757208 0.697368 0.121396 0.159919
0 0.915781 0.700405 0.119879 0.165992
0 0.117602 0.921053 0.122914 0.153846
0 0.276935 0.910931 0.125948 0.153846
0 0.433991 0.910931 0.121396 0.161943
0 0.595599 0.910931 0.116844 0.157895
0 0.756449 0.903846 0.119879 0.168016
0 0.913505 0.899798 0.121396 0.163968
