0 0.123672 0.123482 0.122914 0.165992
0 0.280728 0.123482 0.118361 0.165992
0 0.443854 0.115385 0.119879 0.157895
0 0.603945 0.112348 0.121396 0.163968
0 0.764036 0.106275 0.119879 0.159919
0 0.921851 0.101215 0.116844 0.153846
0 0.921093 0.305668 0.121396 0.157895
0 0.765554 0.310729 0.116844 0.155870
0 0.606222 0.313765 0.122914 0.157895
0 0.445372 0.310729 0.122914 0.155870
0 0.281487 0.321862 0.122914 0.157895
0 0.122914 0.323887 0.121396 0.161943
0 0.125190 0.528340 0.116844 0.161943
0 0.283763 0.522267 0.130501 0.161943
0 0.606222 0.513158 0.119879 0.163968
0 0.767830 0.511134 0.118361 0.163968
0 0.925645 0.508097 0.118361 0.161943
0 0.125948 0.733806 0.118361 0.163968
0 0.283763 0.724696 0.115326 0.161943
0 0.606222 0.721660 0.119879 0.159919
0 0.768589 0.712551 0.119879 0.157895
0 0.925645 0.711538 0.121396 0.159919
0 0.927162 0.909919 0.115326 0.155870
0 0.766313 0.919028 0.115326 0.161943
0 0.605463 0.921053 0.118361 0.157895
0 0.285281 0.923077 0.115326 0.153846
0 0.122914 0.928138 0.121396 0.143725
