0 0.075114 0.098178 0.119879 0.155870
0 0.236722 0.098178 0.118361 0.159919
0 0.392261 0.099190 0.122914 0.161943
0 0.553869 0.089069 0.118361 0.161943
0 0.715478 0.082996 0.119879 0.161943
0 0.875569 0.082996 0.118361 0.149798
0 0.875569 0.278340 0.118361 0.168016
0 0.715478 0.282389 0.119879 0.163968
0 0.553111 0.291498 0.119879 0.170040
0 0.435508 0.327935 0.121396 0.165992
0 0.238998 0.291498 0.119879 0.165992
0 0.075873 0.303644 0.124431 0.157895
0 0.075873 0.507085 0.118361 0.155870
0 0.238240 0.502024 0.118361 0.157895
0 0.074355 0.710526 0.118361 0.165992
0 0.576631 0.589069 0.124431 0.170040
0 0.781487 0.490891 0.121396 0.188259
0 0.716995 0.692308 0.116844 0.161943
0 0.878604 0.691296 0.121396 0.159919
0 0.716995 0.892713 0.119879 0.157895
0 0.592564 0.909919 0.119879 0.159919
0 0.395296 0.901822 0.116844 0.159919
0 0.233687 0.906883 0.121396 0.153846
0 0.112291 0.897773 0.118361 0.176113
0 0.231411 0.670040 0.125948 0.161943
