0 0.113809 0.109312 0.118361 0.165992
0 0.111533 0.312753 0.119879 0.163968
0 0.273141 0.311741 0.118361 0.165992
0 0.433991 0.300607 0.124431 0.168016
0 0.594082 0.295547 0.116844 0.165992
0 0.757208 0.290486 0.121396 0.159919
0 0.914264 0.287449 0.119879 0.165992
0 0.916540 0.698381 0.121396 0.165992
0 0.757967 0.702429 0.122914 0.161943
0 0.596358 0.705466 0.121396 0.159919
0 0.437026 0.704453 0.127466 0.165992
0 0.434750 0.505061 0.125948 0.159919
0 0.273141 0.509109 0.121396 0.163968
0 0.116085 0.512146 0.122914 0.157895
0 0.113809 0.717611 0.124431 0.159919
0 0.272382 0.716599 0.122914 0.157895
0 0.115326 0.917004 0.121396 0.149798
0 0.275417 0.920040 0.122914 0.155870
0 0.597117 0.901822 0.119879 0.159919
0 0.760243 0.901822 0.121396 0.168016
0 0.920334 0.901822 0.122914 0.168016
0 0.629742 0.084008 0.118361 0.151822
0 0.914264 0.091093 0.119879 0.157895
0 0.754173 0.092105 0.118361 0.159919
