0 0.099393 0.324899 0.119879 0.163968
0 0.100910 0.533401 0.128983 0.151822
0 0.100152 0.727733 0.121396 0.155870
0 0.258725 0.522267 0.116844 0.157895
0 0.259484 0.726721 0.118361 0.157895
0 0.261760 0.183198 0.122914 0.172065
0 0.418816 0.313765 0.115326 0.157895
0 0.422610 0.514170 0.122914 0.157895
0 0.581942 0.506073 0.119879 0.157895
0 0.582701 0.305668 0.121396 0.157895
0 0.581942 0.107287 0.119879 0.161943
0 0.738240 0.096154 0.122914 0.163968
0 0.901366 0.090081 0.118361 0.163968
0 0.899848 0.302632 0.121396 0.155870
0 0.738240 0.301619 0.122914 0.153846
0 0.421093 0.718623 0.119879 0.161943
0 0.581184 0.713563 0.118361 0.163968
0 0.742033 0.708502 0.121396 0.165992
0 0.901366 0.701417 0.121396 0.172065
0 0.902124 0.911943 0.119879 0.155870
0 0.739757 0.910931 0.122914 0.153846
0 0.580425 0.915992 0.119879 0.163968
0 0.411988 0.921053 0.119879 0.153846
0 0.260243 0.923077 0.119879 0.145749
0 0.100910 0.925101 0.119879 0.149798
0 0.738998 0.507085 0.124431 0.159919
0 0.901366 0.508097 0.124431 0.165992
