0 0.106222 0.242915 0.121396 0.161943
0 0.271624 0.241903 0.142640 0.168016
0 0.426404 0.240891 0.121396 0.153846
0 0.588771 0.237854 0.124431 0.155870
0 0.749621 0.228745 0.121396 0.153846
0 0.908953 0.222672 0.118361 0.157895
0 0.109256 0.447368 0.118361 0.157895
0 0.267830 0.439271 0.122914 0.153846
0 0.427921 0.441296 0.124431 0.157895
0 0.588771 0.434211 0.118361 0.151822
0 0.752656 0.431174 0.121396 0.153846
0 0.911229 0.429150 0.119879 0.170040
0 0.108498 0.655870 0.122914 0.157895
0 0.270865 0.640688 0.119879 0.151822
0 0.428680 0.641700 0.119879 0.153846
0 0.591047 0.637652 0.116844 0.157895
0 0.754173 0.633603 0.121396 0.153846
0 0.911988 0.626518 0.121396 0.155870
0 0.912747 0.829960 0.119879 0.157895
0 0.753414 0.842105 0.119879 0.157895
0 0.604704 0.863360 0.125948 0.151822
0 0.429439 0.846154 0.121396 0.157895
0 0.270865 0.851215 0.119879 0.159919
0 0.108498 0.856275 0.122914 0.153846
