0 0.118361 0.112348 0.124431 0.163968
0 0.277693 0.111336 0.118361 0.157895
0 0.439302 0.104251 0.122914 0.163968
0 0.600910 0.097166 0.124431 0.157895
0 0.759484 0.092105 0.119879 0.168016
0 0.921851 0.089069 0.116844 0.153846
0 0.119879 0.318826 0.121396 0.163968
0 0.281487 0.313765 0.125948 0.165992
0 0.443096 0.302632 0.118361 0.163968
0 0.601669 0.301619 0.119879 0.157895
0 0.761760 0.297571 0.118361 0.165992
0 0.924127 0.290486 0.121396 0.159919
0 0.921851 0.492915 0.119879 0.163968
0 0.762519 0.502024 0.122914 0.165992
0 0.600910 0.506073 0.121396 0.161943
0 0.442337 0.506073 0.119879 0.161943
0 0.119879 0.519231 0.124431 0.159919
0 0.117602 0.715587 0.119879 0.155870
0 0.283005 0.716599 0.125948 0.165992
0 0.441578 0.712551 0.124431 0.161943
0 0.600910 0.700405 0.121396 0.165992
0 0.762519 0.703441 0.122914 0.168016
0 0.924127 0.693320 0.124431 0.163968
0 0.119120 0.921053 0.119879 0.157895
0 0.283763 0.920040 0.121396 0.159919
0 0.442337 0.910931 0.119879 0.157895
0 0.764036 0.906883 0.122914 0.170040
0 0.926404 0.900810 0.122914 0.170040
0 0.605463 0.914980 0.121396 0.161943
