0 0.114568 0.126518 0.122914 0.163968
0 0.273900 0.119433 0.119879 0.157895
0 0.436267 0.119433 0.116844 0.161943
0 0.594841 0.114372 0.121396 0.159919
0 0.755690 0.115385 0.121396 0.161943
0 0.917299 0.099190 0.116844 0.157895
0 0.918816 0.303644 0.122914 0.165992
0 0.758725 0.310729 0.121396 0.163968
0 0.597117 0.311741 0.122914 0.165992
0 0.435508 0.320850 0.124431 0.163968
0 0.275417 0.321862 0.125948 0.157895
0 0.112291 0.325911 0.121396 0.157895
0 0.114568 0.536437 0.125948 0.157895
0 0.276176 0.519231 0.121396 0.159919
0 0.435508 0.526316 0.121396 0.161943
0 0.595599 0.513158 0.119879 0.168016
0 0.761002 0.510121 0.122914 0.161943
0 0.921093 0.495951 0.121396 0.161943
0 0.115326 0.732794 0.127466 0.161943
0 0.277693 0.728745 0.124431 0.170040
0 0.437785 0.724696 0.125948 0.157895
0 0.599393 0.717611 0.124431 0.168016
0 0.759484 0.718623 0.122914 0.174089
0 0.921851 0.703441 0.119879 0.163968
0 0.922610 0.908907 0.124431 0.157895
0 0.763278 0.914980 0.121396 0.157895
0 0.600152 0.914980 0.122914 0.153846
0 0.439302 0.919028 0.122914 0.149798
0 0.277693 0.920040 0.124431 0.155870
0 0.118361 0.928138 0.121396 0.143725
