0 0.103187 0.112348 0.118361 0.155870
0 0.262519 0.102227 0.118361 0.159919
0 0.425645 0.096154 0.119879 0.155870
0 0.586495 0.101215 0.122914 0.161943
0 0.748862 0.093117 0.119879 0.157895
0 0.908194 0.092105 0.125948 0.159919
0 0.265554 0.303644 0.124431 0.157895
0 0.424886 0.313765 0.121396 0.165992
0 0.586495 0.301619 0.125948 0.157895
0 0.751138 0.294534 0.127466 0.163968
0 0.909712 0.290486 0.119879 0.163968
0 0.427921 0.507085 0.124431 0.159919
0 0.586495 0.509109 0.122914 0.159919
0 0.751138 0.492915 0.124431 0.159919
0 0.911988 0.494939 0.121396 0.163968
0 0.591047 0.702429 0.122914 0.161943
0 0.754932 0.700405 0.125948 0.165992
0 0.912747 0.696356 0.119879 0.161943
0 0.753414 0.903846 0.119879 0.163968
0 0.915023 0.900810 0.124431 0.165992
