0 0.094082 0.129555 0.121396 0.157895
0 0.251897 0.131579 0.118361 0.157895
0 0.415781 0.115385 0.118361 0.161943
0 0.578149 0.118421 0.118361 0.159919
0 0.738240 0.111336 0.119879 0.161943
0 0.897572 0.105263 0.119879 0.157895
0 0.254173 0.324899 0.122914 0.155870
0 0.419575 0.320850 0.122914 0.159919
0 0.581184 0.319838 0.127466 0.157895
0 0.741275 0.311741 0.116844 0.153846
0 0.901366 0.308704 0.124431 0.159919
0 0.421093 0.520243 0.122914 0.153846
0 0.581942 0.524291 0.122914 0.161943
0 0.741275 0.515182 0.119879 0.159919
0 0.903642 0.511134 0.119879 0.155870
0 0.905918 0.713563 0.118361 0.163968
0 0.743551 0.712551 0.121396 0.157895
0 0.906677 0.914980 0.119879 0.165992
