0 0.075114 0.121457 0.125948 0.161943
0 0.232929 0.117409 0.119879 0.157895
0 0.394537 0.108300 0.124431 0.159919
0 0.555387 0.105263 0.121396 0.165992
0 0.716995 0.101215 0.122914 0.161943
0 0.716237 0.305668 0.124431 0.161943
0 0.718513 0.510121 0.122914 0.165992
0 0.720789 0.700405 0.124431 0.157895
0 0.557663 0.714575 0.122914 0.165992
0 0.538695 0.880567 0.133536 0.186235
0 0.558422 0.512146 0.121396 0.161943
0 0.556146 0.311741 0.128983 0.161943
0 0.394537 0.311741 0.118361 0.170040
0 0.076631 0.324899 0.132018 0.168016
0 0.234446 0.321862 0.128983 0.174089
0 0.396813 0.516194 0.122914 0.165992
