0 0.093323 0.108300 0.116844 0.155870
0 0.254932 0.107287 0.121396 0.157895
0 0.417299 0.104251 0.124431 0.163968
0 0.577390 0.102227 0.125948 0.163968
0 0.738240 0.097166 0.125948 0.165992
0 0.899090 0.093117 0.125948 0.165992
0 0.900607 0.288462 0.122914 0.155870
0 0.902883 0.490891 0.121396 0.159919
0 0.743551 0.496964 0.124431 0.159919
0 0.581184 0.510121 0.121396 0.157895
0 0.421093 0.511134 0.119879 0.151822
0 0.418816 0.303644 0.121396 0.161943
0 0.254932 0.309717 0.121396 0.165992
0 0.578907 0.707490 0.125948 0.159919
0 0.744310 0.699393 0.122914 0.168016
0 0.905159 0.699393 0.119879 0.155870
0 0.904401 0.891700 0.121396 0.163968
0 0.742792 0.903846 0.119879 0.163968
0 0.582701 0.909919 0.124431 0.163968
