0 0.098634 0.108300 0.121396 0.155870
0 0.257967 0.103239 0.121396 0.153846
0 0.405918 0.103239 0.125948 0.153846
0 0.591806 0.088057 0.130501 0.172065
0 0.740516 0.090081 0.118361 0.163968
0 0.899848 0.087045 0.121396 0.161943
0 0.901366 0.288462 0.118361 0.155870
0 0.740516 0.303644 0.124431 0.153846
0 0.582701 0.329960 0.133536 0.157895
0 0.414264 0.307692 0.118361 0.161943
0 0.256449 0.310729 0.124431 0.163968
0 0.260243 0.511134 0.119879 0.159919
0 0.419575 0.507085 0.119879 0.159919
0 0.578149 0.505061 0.124431 0.163968
0 0.742033 0.496964 0.121396 0.163968
0 0.903642 0.490891 0.119879 0.163968
0 0.902124 0.694332 0.116844 0.161943
0 0.741275 0.699393 0.119879 0.163968
0 0.579666 0.713563 0.124431 0.159919
0 0.420334 0.709514 0.118361 0.168016
0 0.421851 0.904858 0.121396 0.161943
0 0.747344 0.899798 0.122914 0.159919
0 0.905918 0.898785 0.118361 0.161943
0 0.581184 0.903846 0.124431 0.163968
