0 0.092564 0.116397 0.121396 0.159919
0 0.253414 0.109312 0.118361 0.161943
0 0.413505 0.107287 0.119879 0.161943
0 0.571320 0.096154 0.119879 0.155870
0 0.734446 0.099190 0.124431 0.161943
0 0.896813 0.091093 0.127466 0.165992
0 0.896055 0.293522 0.122914 0.157895
0 0.734446 0.303644 0.124431 0.157895
0 0.575114 0.305668 0.121396 0.161943
0 0.414264 0.304656 0.118361 0.163968
0 0.250379 0.319838 0.121396 0.157895
0 0.093323 0.324899 0.119879 0.163968
0 0.094082 0.523279 0.121396 0.163968
0 0.253414 0.522267 0.118361 0.161943
0 0.417299 0.516194 0.124431 0.161943
0 0.575114 0.508097 0.121396 0.161943
0 0.734446 0.507085 0.121396 0.159919
0 0.897572 0.496964 0.122914 0.168016
0 0.092564 0.721660 0.118361 0.159919
0 0.256449 0.723684 0.121396 0.163968
0 0.413505 0.716599 0.116844 0.157895
0 0.577390 0.711538 0.122914 0.172065
0 0.734446 0.707490 0.124431 0.155870
0 0.897572 0.700405 0.116844 0.161943
0 0.899090 0.900810 0.116844 0.165992
0 0.744310 0.888664 0.132018 0.165992
0 0.563733 0.908907 0.122914 0.149798
0 0.415781 0.917004 0.118361 0.157895
0 0.255690 0.917004 0.119879 0.149798
