0 0.119120 0.112348 0.122914 0.155870
0 0.276935 0.107287 0.122914 0.153846
0 0.436267 0.108300 0.122914 0.159919
0 0.600152 0.098178 0.119879 0.159919
0 0.754932 0.085020 0.113809 0.165992
0 0.920334 0.088057 0.119879 0.163968
0 0.119120 0.313765 0.122914 0.157895
0 0.278452 0.311741 0.122914 0.157895
0 0.438543 0.299595 0.121396 0.157895
0 0.600152 0.297571 0.122914 0.170040
0 0.761760 0.287449 0.121396 0.165992
0 0.116844 0.514170 0.121396 0.157895
0 0.278452 0.514170 0.119879 0.157895
0 0.440061 0.502024 0.121396 0.157895
0 0.600152 0.503036 0.116844 0.155870
0 0.761760 0.494939 0.121396 0.163968
0 0.921093 0.492915 0.118361 0.168016
0 0.120637 0.718623 0.119879 0.157895
0 0.279970 0.717611 0.128983 0.163968
0 0.439302 0.715587 0.122914 0.159919
0 0.602428 0.695344 0.124431 0.168016
0 0.761760 0.700405 0.121396 0.165992
0 0.921093 0.698381 0.121396 0.170040
0 0.924127 0.903846 0.124431 0.168016
0 0.762519 0.904858 0.122914 0.170040
0 0.597876 0.902834 0.118361 0.157895
0 0.440819 0.912955 0.122914 0.153846
0 0.278452 0.913968 0.119879 0.155870
