0 0.097876 0.118421 0.119879 0.159919
0 0.258725 0.110324 0.122914 0.159919
0 0.417299 0.102227 0.118361 0.147773
0 0.578907 0.107287 0.122914 0.161943
0 0.738240 0.094130 0.125948 0.159919
0 0.899848 0.088057 0.118361 0.155870
0 0.097117 0.313765 0.118361 0.149798
0 0.261002 0.312753 0.121396 0.159919
0 0.415023 0.305668 0.119879 0.157895
0 0.580425 0.299595 0.119879 0.149798
0 0.740516 0.295547 0.124431 0.165992
0 0.902883 0.293522 0.121396 0.170040
0 0.098634 0.523279 0.121396 0.163968
0 0.257208 0.515182 0.113809 0.155870
0 0.418058 0.509109 0.122914 0.155870
0 0.580425 0.500000 0.119879 0.170040
0 0.743551 0.497976 0.124431 0.165992
0 0.900607 0.488866 0.122914 0.168016
0 0.898331 0.686235 0.124431 0.165992
0 0.743551 0.704453 0.124431 0.165992
0 0.580425 0.714575 0.122914 0.161943
0 0.421851 0.716599 0.121396 0.157895
0 0.257967 0.716599 0.118361 0.161943
0 0.098634 0.718623 0.124431 0.165992
0 0.259484 0.921053 0.115326 0.153846
0 0.421093 0.913968 0.125948 0.159919
0 0.580425 0.905870 0.119879 0.155870
0 0.743551 0.905870 0.124431 0.163968
0 0.902883 0.893725 0.124431 0.159919
