0 0.087253 0.250000 0.122914 0.159919
0 0.251138 0.241903 0.122914 0.159919
0 0.408953 0.238866 0.125948 0.165992
0 0.568285 0.237854 0.116844 0.155870
0 0.729135 0.227733 0.122914 0.163968
0 0.889226 0.231781 0.124431 0.151822
0 0.893778 0.430162 0.118361 0.168016
0 0.729894 0.433198 0.127466 0.170040
0 0.566009 0.436235 0.121396 0.159919
0 0.410470 0.443320 0.122914 0.161943
0 0.248862 0.445344 0.118361 0.161943
0 0.086495 0.450405 0.121396 0.159919
0 0.087253 0.654858 0.122914 0.163968
0 0.250379 0.646761 0.118361 0.159919
0 0.410470 0.645749 0.122914 0.161943
0 0.567527 0.639676 0.121396 0.165992
0 0.730653 0.633603 0.119879 0.170040
0 0.890744 0.633603 0.124431 0.165992
0 0.896813 0.834008 0.124431 0.170040
0 0.732929 0.835020 0.124431 0.159919
0 0.569803 0.843117 0.125948 0.168016
0 0.409712 0.846154 0.121396 0.161943
0 0.248103 0.858300 0.119879 0.161943
0 0.101669 0.881579 0.124431 0.163968
