0 0.110015 0.108300 0.110774 0.159919
0 0.277693 0.100202 0.136571 0.155870
0 0.437026 0.094130 0.118361 0.163968
0 0.593323 0.087045 0.118361 0.157895
0 0.754932 0.089069 0.116844 0.165992
0 0.915023 0.084008 0.118361 0.159919
0 0.126707 0.347166 0.116844 0.168016
0 0.273141 0.296559 0.124431 0.151822
0 0.432473 0.296559 0.121396 0.168016
0 0.595599 0.294534 0.119879 0.168016
0 0.756449 0.289474 0.128983 0.161943
0 0.915023 0.284413 0.121396 0.168016
0 0.433232 0.506073 0.125948 0.161943
0 0.597117 0.501012 0.122914 0.168016
0 0.754932 0.493927 0.119879 0.157895
0 0.916540 0.487854 0.124431 0.165992
0 0.913505 0.696356 0.124431 0.165992
0 0.757208 0.697368 0.121396 0.163968
0 0.594082 0.701417 0.116844 0.163968
0 0.432473 0.708502 0.121396 0.174089
0 0.276176 0.717611 0.121396 0.163968
0 0.273141 0.913968 0.121396 0.159919
0 0.432473 0.907895 0.121396 0.155870
0 0.594082 0.903846 0.125948 0.163968
0 0.756449 0.898785 0.122914 0.157895
0 0.915781 0.901822 0.125948 0.168016
