0 0.127466 0.101215 0.127466 0.161943
0 0.283763 0.095142 0.124431 0.161943
0 0.446131 0.087045 0.121396 0.157895
0 0.603187 0.082996 0.119879 0.161943
0 0.767830 0.081984 0.118361 0.155870
0 0.923369 0.080972 0.122914 0.157895
0 0.128225 0.298583 0.119879 0.155870
0 0.286039 0.287449 0.119879 0.153846
0 0.443854 0.290486 0.119879 0.168016
0 0.603945 0.285425 0.118361 0.170040
0 0.767071 0.279352 0.125948 0.165992
0 0.922610 0.277328 0.124431 0.161943
0 0.127466 0.506073 0.121396 0.157895
0 0.286039 0.486842 0.119879 0.168016
0 0.445372 0.493927 0.122914 0.170040
0 0.606222 0.490891 0.125948 0.159919
0 0.764795 0.482794 0.121396 0.168016
0 0.924886 0.479757 0.122914 0.165992
0 0.927162 0.688259 0.124431 0.165992
0 0.767830 0.688259 0.121396 0.165992
0 0.606222 0.693320 0.119879 0.163968
0 0.443854 0.699393 0.116844 0.159919
0 0.276176 0.688259 0.130501 0.165992
0 0.281487 0.905870 0.110774 0.155870
0 0.446131 0.897773 0.130501 0.159919
0 0.606222 0.891700 0.119879 0.172065
0 0.768589 0.887652 0.119879 0.163968
0 0.927162 0.889676 0.124431 0.172065
