0 0.097117 0.108300 0.124431 0.163968
0 0.260243 0.098178 0.122914 0.155870
0 0.418816 0.104251 0.124431 0.163968
0 0.578149 0.094130 0.124431 0.163968
0 0.734446 0.090081 0.121396 0.159919
0 0.899090 0.082996 0.125948 0.161943
0 0.893020 0.287449 0.128983 0.174089
0 0.738998 0.288462 0.121396 0.159919
0 0.579666 0.298583 0.124431 0.163968
0 0.417299 0.308704 0.118361 0.151822
0 0.260243 0.305668 0.122914 0.161943
0 0.095599 0.308704 0.121396 0.159919
0 0.096358 0.517206 0.122914 0.163968
0 0.257208 0.508097 0.119879 0.161943
0 0.418058 0.504049 0.122914 0.153846
0 0.738240 0.496964 0.122914 0.168016
0 0.902124 0.486842 0.122914 0.163968
0 0.096358 0.716599 0.116844 0.161943
0 0.259484 0.713563 0.121396 0.163968
0 0.419575 0.707490 0.122914 0.163968
0 0.578907 0.701417 0.122914 0.168016
0 0.739757 0.700405 0.125948 0.165992
0 0.900607 0.688259 0.122914 0.165992
0 0.902124 0.898785 0.119879 0.165992
0 0.742792 0.901822 0.122914 0.163968
0 0.578149 0.904858 0.118361 0.165992
0 0.421093 0.912955 0.122914 0.165992
0 0.256449 0.912955 0.124431 0.157895
0 0.096358 0.918016 0.119879 0.151822
