0 0.110015 0.107287 0.122914 0.161943
0 0.272382 0.105263 0.122914 0.157895
0 0.429439 0.099190 0.118361 0.157895
0 0.591047 0.090081 0.122914 0.168016
0 0.749621 0.085020 0.124431 0.161943
0 0.750379 0.293522 0.125948 0.161943
0 0.912747 0.290486 0.125948 0.172065
0 0.911988 0.490891 0.121396 0.159919
0 0.751897 0.504049 0.116844 0.170040
0 0.591806 0.497976 0.118361 0.157895
0 0.590288 0.296559 0.118361 0.168016
0 0.430197 0.296559 0.119879 0.163968
0 0.262519 0.307692 0.121396 0.165992
0 0.110015 0.313765 0.119879 0.161943
0 0.111533 0.516194 0.119879 0.161943
0 0.273141 0.506073 0.121396 0.157895
0 0.430197 0.507085 0.122914 0.159919
0 0.113050 0.716599 0.119879 0.165992
0 0.272382 0.710526 0.125948 0.165992
0 0.428680 0.703441 0.128983 0.163968
0 0.592564 0.704453 0.119879 0.170040
0 0.754932 0.699393 0.125948 0.168016
0 0.909712 0.699393 0.119879 0.168016
0 0.915023 0.897773 0.121396 0.168016
0 0.756449 0.904858 0.122914 0.153846
0 0.592564 0.909919 0.116844 0.163968
0 0.432473 0.911943 0.124431 0.163968
0 0.272382 0.915992 0.116844 0.155870
0 0.110015 0.919028 0.119879 0.161943
