0 0.101669 0.114372 0.124431 0.159919
0 0.255690 0.103239 0.119879 0.161943
0 0.423369 0.104251 0.124431 0.155870
0 0.580425 0.096154 0.125948 0.163968
0 0.736722 0.091093 0.122914 0.161943
0 0.899090 0.087045 0.122914 0.157895
0 0.935508 0.335020 0.119879 0.155870
0 0.902124 0.493927 0.119879 0.157895
0 0.904401 0.701417 0.121396 0.163968
0 0.907436 0.864372 0.124431 0.170040
0 0.741275 0.905870 0.128983 0.163968
0 0.744310 0.701417 0.125948 0.163968
0 0.744310 0.501012 0.122914 0.168016
0 0.580425 0.503036 0.119879 0.155870
0 0.421093 0.510121 0.116844 0.170040
0 0.423369 0.715587 0.121396 0.163968
0 0.423369 0.914980 0.118361 0.153846
0 0.581942 0.906883 0.119879 0.157895
0 0.580425 0.712551 0.119879 0.161943
0 0.261002 0.711538 0.118361 0.159919
0 0.259484 0.516194 0.124431 0.161943
0 0.100152 0.513158 0.124431 0.163968
0 0.100910 0.311741 0.122914 0.165992
0 0.261760 0.914980 0.122914 0.157895
