0 0.103945 0.127530 0.119879 0.157895
0 0.123672 0.320850 0.119879 0.163968
0 0.110015 0.541498 0.122914 0.176113
0 0.126707 0.795547 0.132018 0.186235
0 0.284522 0.522267 0.116844 0.153846
0 0.284522 0.310729 0.128983 0.159919
0 0.283763 0.108300 0.124431 0.159919
0 0.441578 0.112348 0.127466 0.163968
0 0.603187 0.109312 0.119879 0.165992
0 0.764795 0.098178 0.121396 0.168016
0 0.924127 0.104251 0.115326 0.163968
0 0.764036 0.511134 0.122914 0.163968
0 0.925645 0.708502 0.124431 0.157895
0 0.927162 0.505061 0.127466 0.163968
0 0.927162 0.908907 0.121396 0.170040
0 0.766313 0.918016 0.124431 0.163968
0 0.764036 0.707490 0.122914 0.172065
0 0.603945 0.710526 0.121396 0.157895
0 0.602428 0.509109 0.121396 0.168016
0 0.442337 0.515182 0.122914 0.168016
0 0.446131 0.726721 0.115326 0.161943
0 0.444613 0.915992 0.124431 0.155870
0 0.283763 0.924089 0.121396 0.151822
0 0.604704 0.917004 0.119879 0.165992
0 0.601669 0.303644 0.119879 0.161943
0 0.443854 0.312753 0.116844 0.172065
