0 0.912747 0.092105 0.116844 0.163968
0 0.754173 0.106275 0.121396 0.163968
0 0.591806 0.101215 0.124431 0.161943
0 0.429439 0.105263 0.115326 0.161943
0 0.591047 0.307692 0.128983 0.161943
0 0.752656 0.302632 0.121396 0.159919
0 0.910470 0.293522 0.127466 0.165992
0 0.915023 0.501012 0.121396 0.168016
0 0.916540 0.709514 0.121396 0.159919
0 0.915781 0.905870 0.119879 0.163968
0 0.755690 0.908907 0.121396 0.161943
0 0.757967 0.705466 0.122914 0.159919
0 0.755690 0.504049 0.121396 0.161943
0 0.591806 0.510121 0.118361 0.161943
0 0.593323 0.709514 0.118361 0.163968
0 0.599393 0.918016 0.115326 0.163968
0 0.402883 0.878543 0.116844 0.149798
0 0.271624 0.713563 0.124431 0.159919
0 0.273900 0.518219 0.122914 0.165992
0 0.271624 0.315789 0.118361 0.174089
0 0.271624 0.109312 0.121396 0.157895
0 0.140364 0.137652 0.110774 0.165992
0 0.113050 0.316802 0.119879 0.168016
0 0.113050 0.524291 0.125948 0.153846
0 0.116085 0.725709 0.122914 0.159919
0 0.270865 0.919028 0.119879 0.161943
0 0.113050 0.922065 0.119879 0.151822
