0 0.275417 0.116397 0.119879 0.159919
0 0.432473 0.110324 0.121396 0.155870
0 0.591806 0.104251 0.124431 0.159919
0 0.751138 0.099190 0.118361 0.161943
0 0.913505 0.100202 0.124431 0.163968
0 0.913505 0.293522 0.121396 0.165992
0 0.750379 0.304656 0.122914 0.163968
0 0.590288 0.310729 0.118361 0.168016
0 0.430197 0.311741 0.125948 0.161943
0 0.272382 0.316802 0.119879 0.163968
0 0.620637 0.537449 0.109256 0.159919
0 0.751138 0.504049 0.118361 0.170040
0 0.911988 0.506073 0.118361 0.165992
0 0.592564 0.715587 0.122914 0.176113
0 0.757967 0.711538 0.125948 0.168016
0 0.757208 0.920040 0.124431 0.151822
0 0.590288 0.918016 0.121396 0.163968
0 0.434750 0.918016 0.128983 0.159919
0 0.431715 0.715587 0.125948 0.159919
0 0.273141 0.723684 0.124431 0.163968
0 0.273141 0.918016 0.118361 0.155870
0 0.497724 0.527328 0.121396 0.176113
