0 0.126707 0.103239 0.116844 0.161943
0 0.447648 0.094130 0.124431 0.168016
0 0.287557 0.096154 0.119879 0.163968
0 0.768589 0.082996 0.122914 0.157895
0 0.929439 0.077935 0.119879 0.151822
0 0.767830 0.283401 0.121396 0.170040
0 0.932473 0.282389 0.122914 0.168016
0 0.929439 0.483806 0.116844 0.165992
0 0.127466 0.300607 0.121396 0.168016
0 0.290592 0.292510 0.119879 0.159919
0 0.449165 0.292510 0.121396 0.163968
0 0.611533 0.306680 0.133536 0.168016
0 0.771624 0.488866 0.122914 0.159919
0 0.769347 0.691296 0.121396 0.155870
0 0.933232 0.684211 0.124431 0.165992
0 0.931715 0.889676 0.121396 0.163968
0 0.770106 0.892713 0.119879 0.153846
0 0.608498 0.894737 0.121396 0.161943
0 0.611533 0.693320 0.121396 0.163968
0 0.588012 0.506073 0.125948 0.149798
0 0.447648 0.488866 0.121396 0.172065
0 0.286798 0.493927 0.118361 0.165992
0 0.126707 0.501012 0.122914 0.163968
0 0.127466 0.702429 0.121396 0.161943
0 0.289833 0.704453 0.124431 0.170040
0 0.447648 0.705466 0.121396 0.159919
0 0.449924 0.900810 0.128983 0.157895
0 0.289074 0.908907 0.122914 0.161943
0 0.128225 0.911943 0.116844 0.163968
