0 0.095599 0.080972 0.118361 0.153846
0 0.261002 0.078947 0.121396 0.153846
0 0.420334 0.078947 0.121396 0.149798
0 0.578149 0.076923 0.115326 0.149798
0 0.742792 0.072874 0.122914 0.141700
0 0.899848 0.071862 0.121396 0.139676
0 0.100152 0.283401 0.124431 0.157895
0 0.258725 0.279352 0.119879 0.157895
0 0.421093 0.275304 0.122914 0.157895
0 0.581184 0.273279 0.118361 0.161943
0 0.744310 0.268219 0.122914 0.159919
0 0.901366 0.261134 0.124431 0.161943
0 0.902883 0.461538 0.124431 0.161943
0 0.742792 0.472672 0.122914 0.159919
0 0.581184 0.475709 0.121396 0.161943
0 0.421093 0.475709 0.125948 0.165992
0 0.261760 0.483806 0.122914 0.157895
0 0.100152 0.489879 0.121396 0.165992
0 0.100910 0.692308 0.122914 0.165992
0 0.264795 0.685223 0.116844 0.159919
0 0.421851 0.683198 0.121396 0.159919
0 0.743551 0.670040 0.124431 0.161943
0 0.902883 0.662955 0.124431 0.155870
0 0.903642 0.872470 0.125948 0.153846
0 0.744310 0.875506 0.119879 0.155870
0 0.581942 0.878543 0.125948 0.157895
0 0.424127 0.884615 0.119879 0.161943
0 0.262519 0.888664 0.115326 0.153846
0 0.103187 0.892713 0.121396 0.153846
