0 0.278452 0.694332 0.132018 0.170040
0 0.436267 0.689271 0.122914 0.172065
0 0.435508 0.488866 0.124431 0.163968
0 0.438543 0.284413 0.121396 0.163968
0 0.433991 0.087045 0.127466 0.157895
0 0.593323 0.082996 0.121396 0.161943
0 0.597117 0.285425 0.122914 0.161943
0 0.595599 0.480769 0.122914 0.168016
0 0.598634 0.685223 0.119879 0.172065
0 0.758725 0.683198 0.121396 0.168016
0 0.914264 0.684211 0.119879 0.170040
0 0.915781 0.876518 0.122914 0.157895
0 0.758725 0.888664 0.124431 0.165992
0 0.598634 0.887652 0.119879 0.163968
0 0.434750 0.892713 0.125948 0.161943
0 0.276935 0.902834 0.119879 0.161943
0 0.757967 0.478745 0.119879 0.163968
0 0.758725 0.276316 0.121396 0.163968
0 0.757208 0.080972 0.118361 0.157895
0 0.915781 0.078947 0.122914 0.153846
0 0.916540 0.276316 0.124431 0.172065
0 0.914264 0.474696 0.119879 0.163968
