0 0.110774 0.098178 0.118361 0.155870
0 0.272382 0.096154 0.116844 0.155870
0 0.427162 0.091093 0.116844 0.153846
0 0.590288 0.086032 0.115326 0.159919
0 0.754173 0.082996 0.124431 0.153846
0 0.910470 0.080972 0.121396 0.157895
0 0.909712 0.267206 0.116844 0.153846
0 0.754173 0.251012 0.121396 0.161943
0 0.590288 0.289474 0.121396 0.161943
0 0.430197 0.287449 0.119879 0.157895
0 0.274659 0.297571 0.124431 0.161943
0 0.113050 0.301619 0.119879 0.157895
0 0.111533 0.496964 0.116844 0.155870
0 0.273141 0.495951 0.118361 0.153846
0 0.591806 0.489879 0.121396 0.153846
0 0.753414 0.485830 0.116844 0.153846
0 0.911988 0.484818 0.118361 0.163968
0 0.111533 0.701417 0.119879 0.159919
0 0.273141 0.702429 0.118361 0.161943
0 0.433232 0.693320 0.122914 0.159919
0 0.592564 0.690283 0.119879 0.165992
0 0.754932 0.689271 0.119879 0.159919
0 0.912747 0.678138 0.119879 0.161943
0 0.113809 0.909919 0.118361 0.155870
0 0.274659 0.900810 0.115326 0.161943
0 0.433232 0.902834 0.122914 0.165992
0 0.596358 0.895749 0.121396 0.159919
0 0.755690 0.890688 0.124431 0.165992
0 0.915023 0.885628 0.121396 0.155870
