0 0.125190 0.094130 0.119879 0.159919
0 0.160091 0.290486 0.125948 0.159919
0 0.282246 0.292510 0.118361 0.155870
0 0.444613 0.293522 0.115326 0.157895
0 0.638088 0.293522 0.113809 0.161943
0 0.766313 0.279352 0.121396 0.157895
0 0.764036 0.082996 0.113809 0.161943
0 0.927921 0.080972 0.122914 0.153846
0 0.924127 0.478745 0.124431 0.168016
0 0.765554 0.480769 0.122914 0.168016
0 0.606222 0.486842 0.119879 0.163968
0 0.445372 0.489879 0.119879 0.157895
0 0.285281 0.492915 0.118361 0.163968
0 0.122155 0.497976 0.119879 0.170040
0 0.124431 0.906883 0.121396 0.165992
0 0.288316 0.902834 0.118361 0.165992
0 0.445372 0.900810 0.122914 0.165992
0 0.606980 0.895749 0.118361 0.159919
0 0.769347 0.888664 0.121396 0.161943
0 0.924886 0.880567 0.122914 0.161943
0 0.802731 0.727733 0.121396 0.163968
0 0.925645 0.680162 0.121396 0.161943
0 0.277693 0.070850 0.133536 0.137652
