0 0.072079 0.102227 0.122914 0.180162
0 0.251138 0.088057 0.122914 0.159919
0 0.405918 0.089069 0.125948 0.165992
0 0.570561 0.088057 0.121396 0.163968
0 0.729894 0.080972 0.121396 0.157895
0 0.889226 0.080972 0.118361 0.149798
0 0.088012 0.299595 0.118361 0.165992
0 0.253414 0.295547 0.121396 0.161943
0 0.408194 0.287449 0.115326 0.161943
0 0.570561 0.281377 0.121396 0.161943
0 0.076631 0.510121 0.116844 0.170040
0 0.253414 0.501012 0.121396 0.155870
0 0.408953 0.491903 0.119879 0.161943
0 0.572838 0.485830 0.122914 0.165992
0 0.729135 0.487854 0.119879 0.165992
0 0.891502 0.480769 0.122914 0.159919
0 0.084977 0.763158 0.127466 0.174089
0 0.251138 0.905870 0.122914 0.151822
0 0.414264 0.700405 0.121396 0.161943
0 0.571320 0.690283 0.119879 0.165992
0 0.732929 0.681174 0.121396 0.159919
0 0.893020 0.684211 0.119879 0.161943
0 0.889985 0.884615 0.119879 0.157895
0 0.733687 0.894737 0.122914 0.165992
0 0.572079 0.894737 0.121396 0.157895
0 0.413505 0.898785 0.122914 0.161943
