0 0.289074 0.102227 0.119879 0.151822
0 0.455235 0.098178 0.121396 0.159919
0 0.614568 0.098178 0.124431 0.159919
0 0.772382 0.097166 0.124431 0.157895
0 0.914264 0.094130 0.110774 0.168016
0 0.930956 0.284413 0.116844 0.172065
0 0.918816 0.495951 0.107739 0.174089
0 0.934750 0.759109 0.124431 0.186235
0 0.772382 0.901822 0.121396 0.159919
0 0.616085 0.908907 0.121396 0.157895
0 0.452959 0.899798 0.113809 0.151822
0 0.458270 0.706478 0.121396 0.157895
0 0.293627 0.714575 0.113809 0.161943
0 0.137329 0.719636 0.116844 0.168016
0 0.135812 0.919028 0.116844 0.161943
0 0.295144 0.920040 0.122914 0.159919
0 0.302731 0.312753 0.116844 0.159919
0 0.106222 0.282389 0.127466 0.168016
0 0.452959 0.304656 0.122914 0.163968
0 0.614568 0.295547 0.124431 0.165992
0 0.773900 0.292510 0.124431 0.168016
0 0.774659 0.496964 0.125948 0.172065
